1 0.40546875 0.64765625 0.15390625 0.57890625
1 0.28671875 0.22734375 0.07109375 0.1171875
1 0.41796875 0.3109375 0.09453125 0.2703125
1 0.55625 0.15703125 0.05 0.1375
1 0.5140625 0.1640625 0.05703125 0.1328125
1 0.73828125 0.15234375 0.0671875 0.17421875
1 0.72265625 0.23515625 0.053125 0.21171875
1 0.6046875 0.41171875 0.06640625 0.39921875
1 0.76328125 0.4078125 0.1125 0.26796875
1 0.83125 0.35 0.0484375 0.18125
1 0.8375 0.28125 0.0765625 0.16015625
1 0.92734375 0.36640625 0.11015625 0.17421875