1 0.303125 0.48515625 0.11015625 0.31015625
1 0.40234375 0.609375 0.1296875 0.4625
1 0.6984375 0.67578125 0.15625 0.459375
1 0.8859375 0.76328125 0.19375 0.46953125
1 0.90703125 0.50078125 0.11484375 0.2359375
1 0.80625 0.41328125 0.10234375 0.24375
1 0.828125 0.3203125 0.11484375 0.24140625
1 0.88046875 0.1921875 0.07734375 0.16640625
1 0.9703125 0.3625 0.05703125 0.31953125
1 0.69375 0.22734375 0.05078125 0.18203125
1 0.6359375 0.2828125 0.07890625 0.19375
1 0.553125 0.24296875 0.0671875 0.18125
1 0.4859375 0.2921875 0.07890625 0.20859375
1 0.44921875 0.0828125 0.0546875 0.1328125
1 0.1984375 0.12109375 0.05234375 0.1359375
1 0.33359375 0.15703125 0.0671875 0.1703125
1 0.1078125 0.146875 0.05859375 0.16015625
1 0.15703125 0.16484375 0.07421875 0.1546875
1 0.0609375 0.20625 0.08046875 0.1515625
1 0.128125 0.39609375 0.0953125 0.34453125
1 0.228125 0.3296875 0.08359375 0.22890625
1 0.4015625 0.3609375 0.07890625 0.25390625
1 0.50625 0.10390625 0.053125 0.17890625