1 0.5484375 0.61328125 0.225 0.7609375
1 0.71328125 0.56328125 0.1109375 0.54296875
1 0.39140625 0.59765625 0.1734375 0.65
1 0.05703125 0.38125 0.10625 0.1875
1 0.128125 0.28125 0.09609375 0.14453125
1 0.78203125 0.26484375 0.09765625 0.1640625
1 0.57734375 0.26328125 0.09375 0.1609375
1 0.48828125 0.203125 0.05234375 0.11796875
1 0.57734375 0.24375 0.09140625 0.1546875
1 0.67421875 0.33515625 0.09140625 0.16015625
1 0.21875 0.35625 0.13515625 0.16328125
1 0.30078125 0.2890625 0.08125 0.10859375
1 0.32265625 0.2703125 0.06328125 0.08515625
1 0.54375 0.35234375 0.1203125 0.1484375