1 0.19375 0.775 0.17109375 0.33515625
1 0.50078125 0.6890625 0.13515625 0.30703125
1 0.93046875 0.51796875 0.11171875 0.3015625
1 0.85625 0.390625 0.0625 0.26328125
1 0.27421875 0.5796875 0.11953125 0.23359375
1 0.065625 0.60703125 0.11015625 0.2359375
1 0.56328125 0.5015625 0.10078125 0.21484375
1 0.39609375 0.45390625 0.09453125 0.178125
1 0.14296875 0.49609375 0.084375 0.19609375
1 0.07109375 0.31328125 0.06328125 0.221875
1 0.35390625 0.29921875 0.0375 0.16875
1 0.4453125 0.3140625 0.053125 0.18671875
1 0.26796875 0.40703125 0.06875 0.13671875
1 0.5015625 0.42578125 0.065625 0.16640625
1 0.1578125 0.384375 0.0515625 0.1234375
1 0.95859375 0.428125 0.07109375 0.1703125
1 0.5203125 0.33515625 0.046875 0.12578125