1 0.221875 0.81640625 0.19375 0.3484375
1 0.553125 0.646875 0.15859375 0.5015625
1 0.34296875 0.521875 0.11328125 0.40703125
1 0.17890625 0.45078125 0.09765625 0.36484375
1 0.51953125 0.3171875 0.0640625 0.21953125
1 0.59296875 0.28984375 0.05859375 0.1984375
1 0.7265625 0.35703125 0.06953125 0.14453125
1 0.44453125 0.46640625 0.09140625 0.19296875
1 0.07109375 0.4 0.1125 0.278125
1 0.09140625 0.2984375 0.06328125 0.27421875
1 0.41328125 0.28203125 0.04375 0.22421875
1 0.30859375 0.43125 0.07890625 0.178125