1 0.22890625 0.35546875 0.10234375 0.26796875
1 0.1421875 0.275 0.09296875 0.153125
1 0.47734375 0.28515625 0.06953125 0.18671875
1 0.48828125 0.68828125 0.18203125 0.61875
1 0.1015625 0.51171875 0.16953125 0.7703125
1 0.6796875 0.521875 0.17421875 0.63984375
1 0.82265625 0.5265625 0.1375 0.53671875
1 0.740625 0.303125 0.07265625 0.18203125
1 0.93671875 0.375 0.08515625 0.23125
1 0.45625 0.471875 0.04453125 0.18359375
1 0.59765625 0.31953125 0.04609375 0.19375
1 0.2171875 0.25390625 0.0515625 0.13203125
1 0.378125 0.346875 0.08125 0.24375