0 0.153125 0.26796875 0.01328125 0.01875
0 0.2 0.1234375 0.0140625 0.0203125
0 0.23984375 0.1296875 0.0140625 0.01328125
0 0.19140625 0.4296875 0.015625 0.01875
0 0.2484375 0.43203125 0.02890625 0.0265625
0 0.3125 0.4109375 0.034375 0.03046875
0 0.590625 0.40625 0.02578125 0.028125
0 0.66015625 0.4140625 0.02578125 0.028125
0 0.72890625 0.4234375 0.03359375 0.03046875
0 0.784375 0.42734375 0.02578125 0.0234375
0 0.83203125 0.59296875 0.02734375 0.0234375
0 0.76015625 0.3171875 0.02265625 0.0265625
0 0.70078125 0.29765625 0.02421875 0.01953125
0 0.525 0.28203125 0.0171875 0.0265625
0 0.3953125 0.27421875 0.02578125 0.01953125
0 0.653125 0.13046875 0.0140625 0.01484375
0 0.6375 0.12578125 0.0171875 0.01796875
0 0.56796875 0.11796875 0.0171875 0.015625
0 0.396875 0.11875 0.02109375 0.015625
0 0.4234375 0.05546875 0.01171875 0.01484375
0 0.50546875 0.02578125 0.01015625 0.01171875
0 0.98046875 0.74609375 0.0140625 0.02890625
0 0.9015625 0.38828125 0.01796875 0.01875
0 0.7578125 0.09296875 0.015625 0.015625
0 0.7453125 0.0671875 0.01171875 0.0140625
0 0.71640625 0.059375 0.01328125 0.01328125