0 0.19140625 0.43125 0.015625 0.02109375
0 0.2484375 0.434375 0.03046875 0.02578125
0 0.3109375 0.4078125 0.034375 0.03203125
0 0.59375 0.4078125 0.0296875 0.025
0 0.66015625 0.41171875 0.02421875 0.0296875
0 0.78515625 0.42578125 0.02578125 0.025
0 0.76015625 0.31640625 0.02265625 0.02578125
0 0.70078125 0.29765625 0.025 0.025
0 0.525 0.28125 0.01796875 0.02890625
0 0.396875 0.27421875 0.0265625 0.0203125
0 0.65234375 0.13125 0.0140625 0.015625
0 0.575 0.115625 0.0171875 0.01484375
0 0.396875 0.11953125 0.02109375 0.01796875
0 0.4296875 0.0546875 0.0125 0.01328125
0 0.465625 0.05625 0.01328125 0.01171875
0 0.53984375 0.05625 0.0109375 0.01015625
0 0.71875 0.06171875 0.00859375 0.00703125
0 0.75625 0.078125 0.01171875 0.0109375
0 0.9015625 0.3859375 0.01796875 0.01875
0 0.83125 0.59921875 0.02890625 0.0296875
0 0.759375 0.6015625 0.028125 0.03671875
0 0.98046875 0.74765625 0.0140625 0.03046875
0 0.1546875 0.26640625 0.01484375 0.0203125
0 0.18125 0.19375 0.01328125 0.01484375