0 0.2390625 0.1296875 0.015625 0.01328125
0 0.9015625 0.38671875 0.01796875 0.01953125
0 0.75625 0.078125 0.01171875 0.015625
0 0.9796875 0.74609375 0.015625 0.03046875
0 0.83046875 0.60390625 0.0234375 0.0265625
0 0.759375 0.60234375 0.02890625 0.03828125
0 0.78515625 0.4234375 0.02578125 0.02890625
0 0.6578125 0.4140625 0.01953125 0.0265625
0 0.59140625 0.40703125 0.02578125 0.02578125
0 0.309375 0.4078125 0.034375 0.02890625
0 0.2484375 0.434375 0.03046875 0.02421875
0 0.19140625 0.4296875 0.015625 0.0203125
0 0.396875 0.27421875 0.0265625 0.01875
0 0.5234375 0.28203125 0.01875 0.028125
0 0.76015625 0.315625 0.02421875 0.02578125
0 0.359375 0.1328125 0.01953125 0.01015625
0 0.396875 0.11953125 0.02109375 0.01640625
0 0.57421875 0.11796875 0.01640625 0.0140625
0 0.653125 0.13125 0.01484375 0.0140625
0 0.540625 0.05625 0.0109375 0.01015625
0 0.465625 0.0609375 0.01796875 0.009375