0 0.1515625 0.26796875 0.01640625 0.0140625
0 0.50703125 0.02265625 0.01875 0.01171875
0 0.63828125 0.06796875 0.01171875 0.015625
0 0.540625 0.05546875 0.01171875 0.009375
0 0.46640625 0.05859375 0.01796875 0.01328125
0 0.359375 0.13359375 0.01796875 0.01171875
0 0.396875 0.11953125 0.0234375 0.01484375
0 0.5734375 0.11796875 0.01640625 0.0140625
0 0.61015625 0.11796875 0.01953125 0.015625
0 0.653125 0.13046875 0.01484375 0.01640625
0 0.3953125 0.2734375 0.02734375 0.01875
0 0.53046875 0.28125 0.03046875 0.028125
0 0.70078125 0.2984375 0.02421875 0.02109375
0 0.76015625 0.31796875 0.021875 0.025
0 0.78515625 0.41875 0.02578125 0.028125
0 0.72578125 0.41640625 0.03203125 0.02890625
0 0.66171875 0.4109375 0.02421875 0.0296875
0 0.31484375 0.4 0.0296875 0.03125
0 0.1921875 0.43046875 0.015625 0.0203125
0 0.8328125 0.60625 0.02578125 0.02890625
0 0.9796875 0.74453125 0.015625 0.03046875
0 0.903125 0.38671875 0.0171875 0.01953125
0 0.83046875 0.21640625 0.0109375 0.01328125
0 0.75625 0.06875 0.01640625 0.021875