0 0.75390625 0.58125 0.02578125 0.0453125
0 0.83125 0.603125 0.02421875 0.028125
0 0.784375 0.41796875 0.0265625 0.025
0 0.6609375 0.40703125 0.02421875 0.02421875
0 0.58515625 0.42421875 0.01953125 0.04453125
0 0.31015625 0.40625 0.034375 0.03046875
0 0.2484375 0.43359375 0.03046875 0.02578125
0 0.190625 0.43046875 0.01640625 0.01953125
0 0.396875 0.275 0.02578125 0.01875
0 0.475 0.27421875 0.01796875 0.03046875
0 0.53046875 0.28125 0.0296875 0.03046875
0 0.7 0.296875 0.02421875 0.01875
0 0.759375 0.31796875 0.02265625 0.021875
0 0.35859375 0.13125 0.01953125 0.01640625
0 0.396875 0.11953125 0.0234375 0.01484375
0 0.57421875 0.11796875 0.01640625 0.0140625
0 0.571875 0.07734375 0.01796875 0.034375
0 0.653125 0.13125 0.0140625 0.015625
0 0.63828125 0.06875 0.01171875 0.01484375
0 0.53984375 0.05546875 0.01328125 0.009375
0 0.503125 0.02890625 0.01640625 0.01484375
0 0.70078125 0.028125 0.01015625 0.0109375
0 0.746875 0.06484375 0.01484375 0.01328125
0 0.90234375 0.38671875 0.0171875 0.01953125
0 0.9796875 0.7453125 0.015625 0.0296875
0 0.15234375 0.26796875 0.01640625 0.015625
0 0.19375 0.18359375 0.0140625 0.0140625
0 0.20390625 0.11875 0.015625 0.01484375
0 0.23828125 0.13359375 0.01484375 0.0109375