0 0.15078125 0.26796875 0.015625 0.015625
0 0.2046875 0.1390625 0.01171875 0.01015625
0 0.425 0.06953125 0.01484375 0.0109375
0 0.39609375 0.11953125 0.0234375 0.015625
0 0.4703125 0.0640625 0.0125 0.01015625
0 0.50625 0.02421875 0.01640625 0.015625
0 0.53828125 0.06796875 0.021875 0.01796875
0 0.5390625 0.05625 0.0125 0.01015625
0 0.57265625 0.11875 0.01484375 0.01484375
0 0.61015625 0.11953125 0.02109375 0.01953125
0 0.653125 0.13046875 0.0140625 0.01484375
0 0.63984375 0.06875 0.01171875 0.01171875
0 0.759375 0.31875 0.021875 0.02578125
0 0.70078125 0.29765625 0.02421875 0.025
0 0.52890625 0.27890625 0.02734375 0.0203125
0 0.3953125 0.2734375 0.02734375 0.01953125
0 0.19140625 0.43046875 0.015625 0.0203125
0 0.2515625 0.42109375 0.028125 0.02890625
0 0.31328125 0.40546875 0.034375 0.0296875
0 0.584375 0.42890625 0.0234375 0.04296875
0 0.66328125 0.40859375 0.02421875 0.02421875
0 0.72578125 0.415625 0.03046875 0.03203125
0 0.784375 0.41796875 0.02578125 0.0265625
0 0.75703125 0.59453125 0.02421875 0.034375
0 0.8296875 0.603125 0.021875 0.02578125
0 0.9796875 0.746875 0.015625 0.03046875
0 0.9015625 0.3859375 0.015625 0.01875
0 0.8296875 0.21640625 0.0125 0.01328125
0 0.7546875 0.0765625 0.01015625 0.01328125
0 0.74765625 0.065625 0.01484375 0.01328125
0 0.71640625 0.05859375 0.01015625 0.01328125