0 0.1921875 0.42890625 0.01796875 0.02109375
0 0.25 0.43203125 0.03359375 0.02578125
0 0.31171875 0.41328125 0.0390625 0.0296875
0 0.59140625 0.40625 0.028125 0.028125
0 0.72890625 0.42421875 0.034375 0.02890625
0 0.784375 0.43125 0.0265625 0.0265625
0 0.76015625 0.59921875 0.028125 0.04296875
0 0.83203125 0.60078125 0.02421875 0.03046875
0 0.9015625 0.38828125 0.01796875 0.01875
0 0.153125 0.26640625 0.0140625 0.01953125
0 0.20390625 0.11796875 0.01484375 0.01640625
0 0.39609375 0.2765625 0.0265625 0.01953125
0 0.70078125 0.2984375 0.02421875 0.0203125
0 0.7609375 0.3171875 0.02265625 0.025
0 0.75703125 0.09375 0.01484375 0.0140625
0 0.7453125 0.06796875 0.01328125 0.01328125
0 0.35859375 0.13046875 0.0140625 0.01328125
0 0.39609375 0.12109375 0.021875 0.015625
0 0.59296875 0.12421875 0.01484375 0.021875
0 0.65390625 0.13125 0.01875 0.01640625
0 0.5078125 0.02421875 0.01484375 0.0140625
0 0.9796875 0.74921875 0.01640625 0.028125