0 0.2046875 0.13671875 0.0125 0.00859375
0 0.2375 0.134375 0.01171875 0.01171875
0 0.35703125 0.13125 0.01640625 0.01328125
0 0.4703125 0.059375 0.01015625 0.0109375
0 0.53515625 0.05390625 0.01015625 0.015625
0 0.57265625 0.11875 0.01640625 0.01484375
0 0.6109375 0.12265625 0.02109375 0.01953125
0 0.65390625 0.121875 0.02578125 0.01875
0 0.571875 0.02890625 0.0109375 0.01328125
0 0.6109375 0.034375 0.0125 0.01171875
0 0.3953125 0.275 0.02578125 0.01875
0 0.52890625 0.27890625 0.02578125 0.021875
0 0.70078125 0.29921875 0.025 0.021875
0 0.759375 0.31875 0.0203125 0.02421875
0 0.784375 0.41875 0.0265625 0.02578125
0 0.725 0.415625 0.0265625 0.03203125
0 0.66015625 0.4140625 0.02578125 0.0265625
0 0.6 0.4 0.01640625 0.0203125
0 0.3140625 0.4015625 0.03515625 0.03125
0 0.25390625 0.4234375 0.025 0.03046875
0 0.18984375 0.43046875 0.01484375 0.021875
0 0.765625 0.59453125 0.02578125 0.02890625
0 0.8296875 0.603125 0.02578125 0.03359375
0 0.984375 0.753125 0.01484375 0.03203125
0 0.9265625 0.54375 0.01796875 0.02421875
0 0.90078125 0.38671875 0.01328125 0.01953125
0 0.7546875 0.078125 0.01015625 0.0203125
0 0.746875 0.06171875 0.0140625 0.01015625
0 0.703125 0.02890625 0.0109375 0.0109375