0 0.18203125 0.1921875 0.01796875 0.015625
0 0.20390625 0.1375 0.01484375 0.00859375
0 0.2390625 0.12890625 0.01484375 0.01171875
0 0.35703125 0.1328125 0.01640625 0.01171875
0 0.540625 0.05625 0.0109375 0.0140625
0 0.57265625 0.11875 0.01640625 0.01328125
0 0.6109375 0.12265625 0.01875 0.01953125
0 0.609375 0.09453125 0.04296875 0.071875
0 0.5734375 0.03046875 0.0125 0.01171875
0 0.659375 0.13125 0.0203125 0.015625
0 0.6078125 0.034375 0.015625 0.0140625
0 0.396875 0.2765625 0.0265625 0.01953125
0 0.46875 0.275 0.02109375 0.0296875
0 0.52890625 0.27890625 0.02578125 0.01953125
0 0.70625 0.3015625 0.01953125 0.02421875
0 0.759375 0.31796875 0.02109375 0.0265625
0 0.78515625 0.41875 0.02734375 0.02421875
0 0.72265625 0.4125 0.028125 0.03046875
0 0.66015625 0.4171875 0.02421875 0.03046875
0 0.58203125 0.39453125 0.01796875 0.021875
0 0.3125 0.4015625 0.03359375 0.03125
0 0.2546875 0.4234375 0.02421875 0.02890625
0 0.18984375 0.43125 0.01484375 0.01953125
0 0.765625 0.59453125 0.025 0.025
0 0.828125 0.60390625 0.02421875 0.03125
0 0.98203125 0.74765625 0.01796875 0.03828125
0 0.92578125 0.54375 0.01875 0.02578125
0 0.90234375 0.38671875 0.01640625 0.01953125
0 0.75546875 0.078125 0.01015625 0.01484375
0 0.74765625 0.06015625 0.01328125 0.01328125
0 0.70234375 0.02734375 0.01328125 0.01015625