0 0.15078125 0.26640625 0.015625 0.01640625
0 0.18203125 0.19375 0.015625 0.01328125
0 0.20390625 0.13828125 0.01328125 0.01328125
0 0.2375 0.134375 0.01328125 0.0109375
0 0.425 0.06953125 0.0140625 0.0109375
0 0.3578125 0.13203125 0.01875 0.015625
0 0.396875 0.11953125 0.02265625 0.015625
0 0.46640625 0.06015625 0.01875 0.01328125
0 0.50625 0.02265625 0.01328125 0.01171875
0 0.53984375 0.05546875 0.01171875 0.009375
0 0.57265625 0.11875 0.01484375 0.0140625
0 0.61171875 0.1234375 0.0203125 0.01875
0 0.63828125 0.06875 0.01015625 0.01484375
0 0.65234375 0.13125 0.0140625 0.0140625
0 0.76015625 0.31796875 0.02109375 0.025
0 0.70078125 0.296875 0.02265625 0.02421875
0 0.52890625 0.2765625 0.02578125 0.0265625
0 0.4625 0.27421875 0.0203125 0.03125
0 0.3953125 0.27265625 0.02578125 0.01953125
0 0.19140625 0.43046875 0.015625 0.01953125
0 0.25625 0.42421875 0.0203125 0.0296875
0 0.3125 0.40390625 0.03515625 0.03046875
0 0.6015625 0.40625 0.01796875 0.025
0 0.66015625 0.415625 0.025 0.028125
0 0.72578125 0.4171875 0.03203125 0.03203125
0 0.784375 0.41796875 0.02578125 0.02890625
0 0.83125 0.60390625 0.021875 0.028125
0 0.7671875 0.59609375 0.03046875 0.028125
0 0.98203125 0.75390625 0.015625 0.03203125
0 0.92734375 0.54296875 0.01953125 0.025
0 0.90234375 0.3859375 0.01640625 0.01953125
0 0.83046875 0.2171875 0.0109375 0.01171875
0 0.75625 0.07890625 0.01015625 0.0140625
0 0.74765625 0.0625 0.01484375 0.00859375