0 0.18125 0.19140625 0.01640625 0.0140625
0 0.20625 0.1359375 0.0140625 0.009375
0 0.2390625 0.12890625 0.015625 0.01328125
0 0.18984375 0.43046875 0.0140625 0.0203125
0 0.25390625 0.42421875 0.02421875 0.0296875
0 0.31328125 0.40390625 0.034375 0.03046875
0 0.72578125 0.41796875 0.02890625 0.034375
0 0.784375 0.41796875 0.02890625 0.028125
0 0.76015625 0.31796875 0.02109375 0.025
0 0.52890625 0.27421875 0.02734375 0.02890625
0 0.659375 0.13125 0.0203125 0.01796875
0 0.61171875 0.121875 0.0203125 0.01875
0 0.5734375 0.11796875 0.015625 0.0140625
0 0.5421875 0.0578125 0.01171875 0.0140625
0 0.609375 0.03515625 0.01640625 0.01328125
0 0.74765625 0.059375 0.015625 0.01171875
0 0.75390625 0.078125 0.01171875 0.015625
0 0.90234375 0.38671875 0.0171875 0.01875
0 0.93203125 0.5546875 0.01640625 0.028125
0 0.98203125 0.7515625 0.01796875 0.03671875
0 0.8296875 0.60390625 0.02578125 0.03203125
0 0.765625 0.5921875 0.0265625 0.02109375