0 0.1796875 0.1875 0.015625 0.01796875
0 0.21875 0.175 0.01328125 0.01640625
0 0.2046875 0.1390625 0.01171875 0.01171875
0 0.33203125 0.09140625 0.01484375 0.01875
0 0.35859375 0.13203125 0.0203125 0.015625
0 0.396875 0.11953125 0.0234375 0.015625
0 0.42421875 0.0703125 0.01484375 0.01328125
0 0.46796875 0.06171875 0.01953125 0.01015625
0 0.53828125 0.05546875 0.01171875 0.009375
0 0.50625 0.02421875 0.0140625 0.015625
0 0.571875 0.11796875 0.01640625 0.0140625
0 0.6125 0.1234375 0.0203125 0.01875
0 0.65234375 0.13125 0.0140625 0.015625
0 0.39609375 0.2734375 0.0265625 0.01953125
0 0.52890625 0.27890625 0.02890625 0.021875
0 0.70078125 0.296875 0.02265625 0.0234375
0 0.759375 0.31796875 0.02109375 0.025
0 0.78515625 0.41796875 0.02578125 0.025
0 0.72578125 0.4171875 0.03359375 0.034375
0 0.6609375 0.4140625 0.02578125 0.02421875
0 0.603125 0.4015625 0.0203125 0.021875
0 0.31328125 0.40390625 0.0375 0.0296875
0 0.25390625 0.4234375 0.025 0.02890625
0 0.1890625 0.43203125 0.015625 0.02109375
0 0.765625 0.59375 0.02578125 0.0265625
0 0.828125 0.5984375 0.021875 0.03046875
0 0.984375 0.75625 0.0140625 0.03046875
0 0.9265625 0.54296875 0.02109375 0.0265625
0 0.903125 0.3859375 0.01640625 0.01953125
0 0.82890625 0.21484375 0.01171875 0.01640625
0 0.7546875 0.078125 0.009375 0.01484375
0 0.746875 0.06328125 0.0140625 0.01171875