0 0.98203125 0.7546875 0.02109375 0.040625
0 0.16171875 0.22890625 0.0171875 0.0234375
0 0.35703125 0.13203125 0.01796875 0.01640625
0 0.390625 0.125 0.0234375 0.0203125
0 0.440625 0.11953125 0.0265625 0.01875
0 0.428125 0.07109375 0.0203125 0.01484375
0 0.59375 0.06328125 0.01796875 0.01953125
0 0.65625 0.13046875 0.01953125 0.01875
0 0.6125 0.11796875 0.01953125 0.02109375
0 0.571875 0.12109375 0.0171875 0.01953125
0 0.3921875 0.2765625 0.028125 0.02578125
0 0.4703125 0.27578125 0.01953125 0.03125
0 0.53203125 0.28125 0.03125 0.0265625
0 0.59375 0.4109375 0.0265625 0.03125
0 0.66015625 0.41796875 0.02578125 0.03046875
0 0.76015625 0.31875 0.02421875 0.02578125
0 0.78515625 0.42109375 0.021875 0.028125
0 0.75546875 0.590625 0.02890625 0.04921875
0 0.8328125 0.603125 0.028125 0.03359375
0 0.93125 0.5484375 0.01640625 0.0296875
0 0.75703125 0.08125 0.0125 0.01953125
0 0.746875 0.06171875 0.01484375 0.01484375