0 0.25390625 0.43046875 0.02265625 0.028125
0 0.98203125 0.7546875 0.02109375 0.040625
0 0.42734375 0.07421875 0.01640625 0.01484375
0 0.390625 0.1265625 0.0234375 0.02109375
0 0.440625 0.11953125 0.02734375 0.01953125
0 0.59453125 0.0640625 0.01796875 0.0203125
0 0.5734375 0.12109375 0.02109375 0.01796875
0 0.61328125 0.12109375 0.01796875 0.02109375
0 0.53203125 0.28125 0.03046875 0.03046875
0 0.39375 0.27578125 0.02734375 0.02421875
0 0.19765625 0.4234375 0.01875 0.0234375
0 0.59609375 0.4109375 0.02734375 0.03359375
0 0.6609375 0.41796875 0.02734375 0.02890625
0 0.78515625 0.4203125 0.02265625 0.03125
0 0.8328125 0.6015625 0.02734375 0.03359375
0 0.75625 0.59140625 0.0265625 0.040625
0 0.93203125 0.54921875 0.015625 0.028125
0 0.75703125 0.08046875 0.01171875 0.01875