0 0.98203125 0.7546875 0.02109375 0.040625
0 0.18828125 0.17890625 0.01796875 0.015625
0 0.3578125 0.1328125 0.01796875 0.01796875
0 0.390625 0.12578125 0.02578125 0.01953125
0 0.440625 0.11875 0.02578125 0.01875
0 0.4265625 0.07421875 0.01640625 0.009375
0 0.46796875 0.0609375 0.0171875 0.01640625
0 0.59296875 0.06328125 0.01953125 0.01875
0 0.6546875 0.13125 0.021875 0.02109375
0 0.6125 0.11875 0.01953125 0.0234375
0 0.5734375 0.11953125 0.01640625 0.01875
0 0.38828125 0.28203125 0.01953125 0.025
0 0.53203125 0.28203125 0.03125 0.03203125
0 0.69921875 0.29921875 0.02109375 0.0296875
0 0.7609375 0.31875 0.02421875 0.02578125
0 0.784375 0.41953125 0.0234375 0.03515625
0 0.65625 0.415625 0.01875 0.0265625
0 0.5953125 0.4109375 0.02734375 0.03203125
0 0.75703125 0.5875 0.0375 0.0453125
0 0.83359375 0.603125 0.02578125 0.034375
0 0.93359375 0.54765625 0.0140625 0.0265625
0 0.75625 0.08046875 0.01328125 0.0203125