0 0.2546875 0.43125 0.025 0.02890625
0 0.98203125 0.7546875 0.02109375 0.040625
0 0.15625 0.228125 0.01640625 0.0296875
0 0.35703125 0.13359375 0.01796875 0.01640625
0 0.390625 0.12421875 0.0234375 0.02109375
0 0.4296875 0.07109375 0.01796875 0.01328125
0 0.4375 0.11953125 0.0203125 0.01640625
0 0.59453125 0.06328125 0.01875 0.01875
0 0.659375 0.13203125 0.0140625 0.01796875
0 0.6125 0.11875 0.01796875 0.0234375
0 0.39375 0.278125 0.0296875 0.02578125
0 0.47109375 0.278125 0.0203125 0.02890625
0 0.53203125 0.28046875 0.02890625 0.028125
0 0.76015625 0.31875 0.02421875 0.02578125
0 0.78515625 0.41875 0.02421875 0.03046875
0 0.66015625 0.41875 0.02578125 0.028125
0 0.59453125 0.40859375 0.02734375 0.03515625
0 0.31171875 0.40078125 0.0359375 0.03046875
0 0.753125 0.59296875 0.03203125 0.0390625
0 0.83203125 0.6015625 0.02734375 0.03203125
0 0.93125 0.54765625 0.015625 0.0265625
0 0.75625 0.07890625 0.01328125 0.01875