0 0.25390625 0.428125 0.02734375 0.025
0 0.98203125 0.7546875 0.02109375 0.040625
0 0.15703125 0.23046875 0.015625 0.0296875
0 0.390625 0.12421875 0.02265625 0.01953125
0 0.59375 0.06328125 0.015625 0.01875
0 0.57265625 0.11953125 0.01875 0.01796875
0 0.61328125 0.1203125 0.01953125 0.021875
0 0.65703125 0.13203125 0.01328125 0.01953125
0 0.53203125 0.28125 0.02890625 0.0265625
0 0.39375 0.27421875 0.0265625 0.021875
0 0.31328125 0.39921875 0.03359375 0.03125
0 0.59609375 0.4078125 0.0265625 0.034375
0 0.66015625 0.41796875 0.025 0.02890625
0 0.784375 0.41953125 0.02265625 0.03046875
0 0.75390625 0.59296875 0.02578125 0.0359375
0 0.93125 0.54921875 0.01640625 0.0296875
0 0.75625 0.0796875 0.01328125 0.01875