0 0.25078125 0.425 0.02265625 0.0296875
0 0.98203125 0.7546875 0.02109375 0.040625
0 0.38984375 0.12421875 0.0234375 0.01953125
0 0.4328125 0.11875 0.02109375 0.01875
0 0.46796875 0.05859375 0.0171875 0.01328125
0 0.59140625 0.0625 0.015625 0.01953125
0 0.65390625 0.13125 0.01796875 0.02109375
0 0.61328125 0.11875 0.01796875 0.0203125
0 0.57265625 0.11953125 0.01796875 0.015625
0 0.4703125 0.27578125 0.021875 0.03125
0 0.53125 0.28046875 0.02890625 0.028125
0 0.7 0.29375 0.0203125 0.0203125
0 0.76015625 0.31796875 0.025 0.02890625
0 0.784375 0.42109375 0.0234375 0.02890625
0 0.728125 0.42265625 0.03046875 0.03046875
0 0.6609375 0.41640625 0.02578125 0.02578125
0 0.59296875 0.4078125 0.02421875 0.03203125
0 0.19765625 0.421875 0.01875 0.02421875
0 0.19609375 0.59453125 0.0296875 0.034375
0 0.4265625 0.540625 0.02265625 0.0265625
0 0.753125 0.5921875 0.02734375 0.03984375
0 0.8296875 0.60625 0.03125 0.03046875
0 0.93203125 0.5484375 0.015625 0.03125
0 0.903125 0.3828125 0.01796875 0.025
0 0.746875 0.0609375 0.01484375 0.01875