0 0.98203125 0.7546875 0.02109375 0.040625
0 0.1546875 0.23203125 0.015625 0.028125
0 0.2375 0.13046875 0.0140625 0.015625
0 0.38984375 0.12578125 0.025 0.02109375
0 0.4375 0.11953125 0.02578125 0.02109375
0 0.59296875 0.06328125 0.01640625 0.01796875
0 0.6125 0.11875 0.0203125 0.01953125
0 0.65703125 0.1328125 0.01328125 0.01953125
0 0.7609375 0.31875 0.02421875 0.02578125
0 0.53203125 0.28203125 0.02734375 0.02890625
0 0.47265625 0.27578125 0.0203125 0.03359375
0 0.39375 0.27421875 0.02734375 0.025
0 0.19765625 0.4234375 0.0171875 0.02109375
0 0.31484375 0.3984375 0.03203125 0.034375
0 0.59609375 0.4109375 0.02890625 0.0359375
0 0.6609375 0.41640625 0.02734375 0.028125
0 0.7546875 0.590625 0.02734375 0.04453125
0 0.18046875 0.5546875 0.025 0.03125
0 0.93125 0.54921875 0.015625 0.02890625
0 0.746875 0.06171875 0.01640625 0.0140625