0 0.25078125 0.428125 0.0234375 0.02578125
0 0.98203125 0.7546875 0.02109375 0.040625
0 0.2375 0.13203125 0.01328125 0.015625
0 0.428125 0.07109375 0.0171875 0.015625
0 0.3578125 0.13359375 0.01796875 0.01640625
0 0.390625 0.1265625 0.02265625 0.02109375
0 0.434375 0.12109375 0.01875 0.01875
0 0.5734375 0.12109375 0.0203125 0.01796875
0 0.61328125 0.11875 0.01796875 0.02109375
0 0.47265625 0.2765625 0.02265625 0.03203125
0 0.53203125 0.28125 0.0296875 0.0296875
0 0.70078125 0.29296875 0.021875 0.02109375
0 0.7609375 0.31953125 0.02421875 0.028125
0 0.784375 0.4234375 0.02265625 0.02890625
0 0.73046875 0.42109375 0.0328125 0.0296875
0 0.66171875 0.41640625 0.02421875 0.02578125
0 0.59296875 0.409375 0.02421875 0.03125
0 0.19765625 0.425 0.01796875 0.021875
0 0.315625 0.39921875 0.03359375 0.03359375
0 0.19609375 0.59296875 0.025 0.03359375
0 0.425 0.5453125 0.025 0.03515625
0 0.7546875 0.58671875 0.028125 0.05
0 0.83359375 0.60390625 0.02890625 0.03359375
0 0.93046875 0.54921875 0.01640625 0.02890625
0 0.90234375 0.3859375 0.015625 0.02109375
0 0.74765625 0.0625 0.01484375 0.0140625
0 0.65703125 0.1328125 0.01328125 0.01953125