0 0.1921875 0.18203125 0.01640625 0.01640625
0 0.203125 0.13671875 0.01640625 0.01875
0 0.2390625 0.13046875 0.015625 0.01796875
0 0.35625 0.13046875 0.01484375 0.01875
0 0.38984375 0.1265625 0.01953125 0.01875
0 0.43515625 0.06796875 0.01875 0.015625
0 0.46640625 0.06171875 0.01796875 0.01796875
0 0.59453125 0.065625 0.01796875 0.01796875
0 0.70703125 0.196875 0.02109375 0.0234375
0 0.759375 0.315625 0.02734375 0.0296875
0 0.69921875 0.30234375 0.0203125 0.0265625
0 0.75 0.10625 0.0171875 0.015625
0 0.78515625 0.421875 0.03125 0.03125
0 0.59375 0.40546875 0.021875 0.03359375
0 0.3125 0.40625 0.03359375 0.034375
0 0.25703125 0.41796875 0.03046875 0.03046875
0 0.19375 0.421875 0.01953125 0.02578125
0 0.21640625 0.50703125 0.02734375 0.034375
0 0.265625 0.60234375 0.02890625 0.0359375
0 0.41328125 0.58671875 0.04296875 0.05625
0 0.76328125 0.58359375 0.03046875 0.0359375
0 0.82890625 0.60078125 0.02890625 0.03046875
0 0.08203125 0.7859375 0.028125 0.04375
0 0.528125 0.28046875 0.02421875 0.03359375
0 0.98515625 0.75390625 0.01875 0.03828125
0 0.865625 0.38828125 0.01875 0.03125
0 0.90390625 0.3890625 0.01796875 0.0234375