0 0.98359375 0.75625 0.0171875 0.034375
0 0.2375 0.13046875 0.0140625 0.01640625
0 0.26875 0.0859375 0.01015625 0.01953125
0 0.35625 0.12890625 0.01484375 0.01953125
0 0.38828125 0.12421875 0.01875 0.01875
0 0.4296875 0.1234375 0.01484375 0.0296875
0 0.48515625 0.1109375 0.01484375 0.01875
0 0.434375 0.06875 0.0203125 0.01640625
0 0.596875 0.065625 0.01640625 0.01484375
0 0.70625 0.2015625 0.0234375 0.02421875
0 0.39921875 0.27890625 0.02734375 0.025
0 0.6984375 0.303125 0.01875 0.025
0 0.75859375 0.31875 0.0265625 0.02578125
0 0.7828125 0.41953125 0.02265625 0.03046875
2 0.72578125 0.40234375 0.03828125 0.0640625
0 0.66328125 0.41796875 0.02578125 0.034375
0 0.59453125 0.40625 0.02265625 0.03203125
0 0.19453125 0.42578125 0.01953125 0.02421875
0 0.253125 0.4265625 0.02578125 0.03203125
0 0.3140625 0.40078125 0.03359375 0.03046875
0 0.14375 0.59609375 0.01796875 0.03359375
0 0.259375 0.59296875 0.03359375 0.03046875
0 0.07890625 0.7875 0.021875 0.034375
0 0.4234375 0.55625 0.03203125 0.0359375
0 0.67734375 0.60390625 0.03359375 0.03515625
0 0.7609375 0.5875 0.02578125 0.046875
0 0.83046875 0.60078125 0.02265625 0.03125
0 0.925 0.53671875 0.01796875 0.0203125
0 0.86640625 0.39140625 0.015625 0.028125
0 0.903125 0.396875 0.01953125 0.02421875
0 0.76953125 0.1484375 0.01796875 0.01953125