0 0.98359375 0.75625 0.0171875 0.034375
0 0.23828125 0.13125 0.01484375 0.01796875
0 0.271875 0.08671875 0.0140625 0.01796875
0 0.35625 0.13046875 0.015625 0.01875
0 0.390625 0.12421875 0.01796875 0.0203125
0 0.4296875 0.12578125 0.01484375 0.025
0 0.434375 0.06875 0.01875 0.01484375
0 0.48671875 0.11328125 0.0171875 0.01953125
0 0.70546875 0.19921875 0.0234375 0.0296875
0 0.39921875 0.28046875 0.02890625 0.02890625
0 0.46328125 0.28046875 0.021875 0.0296875
0 0.52890625 0.28203125 0.02421875 0.03515625
0 0.19375 0.42265625 0.01796875 0.0234375
0 0.25390625 0.4296875 0.025 0.028125
0 0.3125 0.4015625 0.0328125 0.03125
0 0.59453125 0.40625 0.02265625 0.03125
0 0.6640625 0.41796875 0.02421875 0.03359375
2 0.728125 0.396875 0.0375 0.059375
0 0.78203125 0.42265625 0.02109375 0.03046875
0 0.6984375 0.3 0.02109375 0.03125
0 0.759375 0.31640625 0.0265625 0.0296875
0 0.67421875 0.603125 0.0359375 0.0359375
0 0.759375 0.58828125 0.0265625 0.04375
0 0.83125 0.60390625 0.0234375 0.03359375
0 0.421875 0.553125 0.03203125 0.0359375
0 0.24375 0.59453125 0.0296875 0.034375
0 0.20625 0.57890625 0.02421875 0.034375
0 0.1390625 0.590625 0.01953125 0.04609375
0 0.078125 0.77890625 0.0234375 0.0296875
0 0.92578125 0.53671875 0.01953125 0.01953125
0 0.865625 0.38984375 0.01796875 0.028125
0 0.9015625 0.3953125 0.01796875 0.02578125
0 0.7703125 0.14765625 0.01796875 0.01953125