0 0.98359375 0.75625 0.0171875 0.034375
0 0.240625 0.13125 0.0171875 0.01796875
0 0.43515625 0.06796875 0.01953125 0.015625
0 0.35625 0.13046875 0.01640625 0.01875
0 0.390625 0.12578125 0.0171875 0.01953125
0 0.4296875 0.12109375 0.01640625 0.01953125
0 0.4828125 0.115625 0.015625 0.0203125
0 0.66015625 0.13046875 0.015625 0.0203125
0 0.70625 0.20234375 0.02265625 0.0234375
0 0.3984375 0.27890625 0.02890625 0.028125
0 0.52890625 0.28125 0.021875 0.0296875
0 0.6984375 0.30234375 0.02109375 0.0265625
0 0.75859375 0.31796875 0.0265625 0.0296875
0 0.7828125 0.41875 0.021875 0.03515625
0 0.66484375 0.41875 0.0234375 0.03125
0 0.59375 0.40546875 0.0234375 0.0296875
0 0.19375 0.42578125 0.01953125 0.025
0 0.2515625 0.42890625 0.028125 0.0296875
0 0.3140625 0.40859375 0.0375 0.034375
0 0.1375 0.59765625 0.02265625 0.04375
0 0.21953125 0.54296875 0.02421875 0.03046875
0 0.25625 0.59453125 0.02265625 0.028125
0 0.078125 0.78046875 0.02109375 0.03046875
0 0.41875 0.571875 0.0328125 0.0390625
0 0.67578125 0.60546875 0.03359375 0.03671875
0 0.76484375 0.58046875 0.0265625 0.03125
0 0.83046875 0.59921875 0.0234375 0.03046875
0 0.92578125 0.5359375 0.01953125 0.02109375
0 0.865625 0.390625 0.01796875 0.0296875
0 0.90390625 0.39609375 0.01875 0.0234375