0 0.98359375 0.75625 0.0171875 0.034375
0 0.23828125 0.13046875 0.01484375 0.0140625
0 0.4296875 0.12421875 0.015625 0.028125
0 0.35625 0.13046875 0.01640625 0.01796875
0 0.3875 0.12890625 0.02109375 0.01796875
0 0.434375 0.06796875 0.01953125 0.015625
0 0.48515625 0.1140625 0.015625 0.01875
0 0.66015625 0.190625 0.015625 0.02421875
0 0.70625 0.2015625 0.0234375 0.02421875
0 0.69921875 0.303125 0.0203125 0.02421875
0 0.759375 0.31875 0.025 0.028125
0 0.52890625 0.28203125 0.02265625 0.03125
0 0.4625 0.28046875 0.021875 0.028125
0 0.39921875 0.27890625 0.0265625 0.025
0 0.19375 0.4234375 0.01953125 0.02109375
0 0.25234375 0.428125 0.02890625 0.02890625
0 0.3140625 0.4 0.03125 0.03359375
0 0.59375 0.40625 0.0234375 0.0296875
0 0.66484375 0.41796875 0.02421875 0.03203125
2 0.72890625 0.40390625 0.03828125 0.06015625
0 0.83125 0.6015625 0.0234375 0.03046875
0 0.76171875 0.58359375 0.02265625 0.05390625
0 0.6765625 0.60546875 0.03359375 0.03828125
0 0.42578125 0.55546875 0.03359375 0.03515625
0 0.2609375 0.59140625 0.02890625 0.0296875
0 0.14375 0.5953125 0.01953125 0.03671875
0 0.07890625 0.7765625 0.02421875 0.03046875
0 0.92578125 0.534375 0.01875 0.025
0 0.86640625 0.390625 0.01796875 0.0265625
0 0.903125 0.39453125 0.01953125 0.0234375
0 0.77109375 0.1484375 0.01640625 0.01875