0 0.98359375 0.75625 0.0171875 0.034375
0 0.23984375 0.13046875 0.01484375 0.01640625
0 0.35625 0.13046875 0.01484375 0.01484375
0 0.38828125 0.12578125 0.01953125 0.01953125
0 0.47890625 0.11640625 0.01953125 0.01953125
0 0.59375 0.06328125 0.0171875 0.01875
0 0.3984375 0.278125 0.028125 0.0265625
0 0.4625 0.28046875 0.021875 0.0296875
0 0.52890625 0.28046875 0.021875 0.0296875
0 0.6984375 0.3015625 0.01953125 0.0265625
0 0.78125 0.42421875 0.02265625 0.03125
2 0.715625 0.390625 0.03359375 0.06015625
0 0.665625 0.4171875 0.0265625 0.03203125
0 0.59375 0.40625 0.0234375 0.03046875
0 0.19375 0.42109375 0.0203125 0.02890625
0 0.25234375 0.4265625 0.0296875 0.03046875
0 0.3125 0.40546875 0.03828125 0.03203125
0 0.140625 0.59296875 0.0234375 0.03203125
0 0.19140625 0.56171875 0.02109375 0.04609375
0 0.25625 0.59453125 0.02421875 0.0296875
0 0.07890625 0.778125 0.021875 0.03203125
0 0.446875 0.56171875 0.0234375 0.03125
0 0.68515625 0.5984375 0.02421875 0.03125
0 0.83125 0.60078125 0.025 0.03125
0 0.92578125 0.53359375 0.01875 0.021875
0 0.865625 0.38984375 0.01640625 0.0296875
0 0.9015625 0.39375 0.01796875 0.021875