0 0.128125 0.37421875 0.02421875 0.03046875
0 0.4 0.28046875 0.0265625 0.0265625
0 0.078125 0.78046875 0.02265625 0.03515625
0 0.12578125 0.79140625 0.028125 0.04296875
0 0.20390625 0.13671875 0.015625 0.01953125
0 0.35390625 0.13046875 0.01484375 0.01796875
0 0.390625 0.125 0.0203125 0.01875
0 0.4296875 0.1234375 0.01484375 0.03046875
0 0.43515625 0.06875 0.01796875 0.01640625
0 0.48515625 0.115625 0.01796875 0.01953125
0 0.70546875 0.19921875 0.02421875 0.01953125
0 0.575 0.19140625 0.02265625 0.02109375
0 0.53671875 0.28203125 0.02109375 0.03125
0 0.19375 0.4234375 0.0203125 0.01953125
0 0.2515625 0.4234375 0.02890625 0.03125
0 0.315625 0.40234375 0.0328125 0.034375
0 0.59765625 0.41328125 0.02890625 0.0359375
2 0.72578125 0.4 0.03515625 0.05546875
0 0.7578125 0.31640625 0.02890625 0.028125
0 0.77890625 0.41875 0.02421875 0.0296875
0 0.69921875 0.30078125 0.0203125 0.03046875
0 0.68046875 0.60546875 0.02890625 0.03671875
0 0.76015625 0.5859375 0.028125 0.0546875
0 0.83125 0.59921875 0.02421875 0.03125
0 0.42421875 0.55546875 0.0265625 0.03671875
0 0.9859375 0.753125 0.01796875 0.04296875
0 0.925 0.534375 0.01953125 0.01953125
0 0.86640625 0.38828125 0.015625 0.03125
0 0.90390625 0.39375 0.02109375 0.02890625
0 0.77109375 0.146875 0.01953125 0.01953125