0 0.98359375 0.75625 0.0171875 0.034375
0 0.23828125 0.13046875 0.015625 0.01640625
0 0.43359375 0.06796875 0.01953125 0.015625
0 0.35625 0.1296875 0.01328125 0.01640625
0 0.38828125 0.125 0.01953125 0.01875
0 0.4296875 0.12421875 0.01484375 0.021875
0 0.70703125 0.2015625 0.02578125 0.0265625
0 0.53515625 0.28203125 0.02109375 0.034375
0 0.39765625 0.27890625 0.02734375 0.0265625
0 0.19375 0.42578125 0.01953125 0.02578125
0 0.2515625 0.42578125 0.02734375 0.03203125
0 0.31484375 0.39921875 0.0359375 0.03515625
0 0.59765625 0.41484375 0.02890625 0.03515625
2 0.72578125 0.403125 0.0375 0.05859375
0 0.78046875 0.421875 0.02421875 0.03046875
0 0.83046875 0.60078125 0.0234375 0.03046875
0 0.7640625 0.590625 0.03671875 0.03671875
0 0.6765625 0.60546875 0.03359375 0.04140625
0 0.925 0.53671875 0.01875 0.021875
0 0.86640625 0.39140625 0.015625 0.02578125
0 0.903125 0.39609375 0.01796875 0.021875
0 0.77109375 0.14921875 0.0171875 0.01875