0 0.4 0.28046875 0.0265625 0.0265625
0 0.5375 0.29296875 0.0203125 0.028125
0 0.128125 0.36796875 0.0171875 0.025
0 0.20390625 0.1390625 0.015625 0.015625
0 0.2375 0.1296875 0.01640625 0.01484375
0 0.35390625 0.12890625 0.01484375 0.01953125
0 0.38828125 0.12421875 0.02109375 0.01875
0 0.4296875 0.12265625 0.01484375 0.03046875
0 0.43359375 0.06875 0.0171875 0.01640625
0 0.46796875 0.059375 0.0203125 0.01953125
0 0.59765625 0.065625 0.01796875 0.01796875
0 0.703125 0.2015625 0.0171875 0.0234375
0 0.57265625 0.1859375 0.02421875 0.01953125
0 0.4640625 0.28046875 0.02109375 0.03046875
0 0.19375 0.42734375 0.0203125 0.02890625
0 0.2515625 0.4234375 0.02734375 0.03046875
0 0.315625 0.4015625 0.03203125 0.03515625
0 0.59765625 0.4140625 0.02890625 0.03515625
2 0.72578125 0.40390625 0.03515625 0.059375
0 0.78125 0.41875 0.02109375 0.03359375
0 0.8296875 0.59375 0.02578125 0.04609375
0 0.7625 0.58125 0.0296875 0.046875
0 0.67578125 0.603125 0.03515625 0.04140625
0 0.4234375 0.55625 0.028125 0.03203125
0 0.209375 0.51796875 0.02578125 0.04921875
0 0.1390625 0.59375 0.025 0.040625
0 0.125 0.79375 0.02421875 0.04296875
0 0.92578125 0.534375 0.01953125 0.01875
0 0.8671875 0.3859375 0.01796875 0.03125
0 0.6984375 0.303125 0.01875 0.0296875
0 0.759375 0.31796875 0.0265625 0.0265625
0 0.76953125 0.14609375 0.01640625 0.01953125