0 0.1390625 0.59296875 0.021875 0.046875
0 0.19453125 0.596875 0.02890625 0.04453125
0 0.29140625 0.5890625 0.028125 0.0390625
0 0.33828125 0.61796875 0.025 0.04375
0 0.37890625 0.534375 0.021875 0.05625
0 0.684375 0.60546875 0.03125 0.0390625
0 0.771875 0.6140625 0.02421875 0.02890625
0 0.8359375 0.6140625 0.02890625 0.03671875
0 0.7828125 0.421875 0.028125 0.03125
2 0.72421875 0.39765625 0.0328125 0.05625
0 0.6515625 0.42890625 0.02265625 0.03515625
0 0.596875 0.40546875 0.02734375 0.02421875
0 0.31875 0.40546875 0.03203125 0.028125
0 0.2546875 0.41875 0.028125 0.028125
0 0.19375 0.4234375 0.0171875 0.01875
0 0.40390625 0.271875 0.02578125 0.01875
0 0.51953125 0.29140625 0.01796875 0.03203125
0 0.53671875 0.28125 0.02109375 0.025
0 0.696875 0.2921875 0.02421875 0.02890625
0 0.76015625 0.31875 0.02421875 0.02578125
0 0.575 0.196875 0.0203125 0.01953125
0 0.50703125 0.1890625 0.01640625 0.02578125
0 0.453125 0.19296875 0.021875 0.01953125
0 0.35625 0.13125 0.0140625 0.015625
0 0.484375 0.11640625 0.01640625 0.01328125
0 0.64140625 0.06796875 0.0125 0.0140625
0 0.5953125 0.0625 0.02109375 0.01953125
0 0.3015625 0.053125 0.01171875 0.01015625
0 0.2390625 0.13046875 0.01484375 0.015625
0 0.18828125 0.18125 0.015625 0.015625
0 0.9875 0.75625 0.01640625 0.034375
0 0.92578125 0.5390625 0.01796875 0.0234375
0 0.86875 0.384375 0.0140625 0.01875
0 0.9015625 0.39296875 0.01328125 0.0265625
0 0.77265625 0.1546875 0.01484375 0.01640625
0 0.740625 0.10390625 0.01484375 0.01640625
0 0.68671875 0.81640625 0.03984375 0.03515625