0 0.40625 0.27734375 0.0265625 0.0265625
0 0.53203125 0.28203125 0.03203125 0.03125
0 0.190625 0.18359375 0.01640625 0.015625
0 0.4296875 0.12109375 0.0171875 0.02109375
0 0.453125 0.1953125 0.02421875 0.021875
0 0.5078125 0.1921875 0.01796875 0.0265625
0 0.484375 0.11640625 0.0171875 0.01640625
0 0.5765625 0.20078125 0.0203125 0.0203125
0 0.56953125 0.12109375 0.01640625 0.0234375
0 0.59296875 0.06953125 0.015625 0.01875
0 0.76015625 0.31875 0.0265625 0.028125
0 0.6984375 0.30546875 0.03046875 0.02890625
0 0.4625 0.28359375 0.0203125 0.0296875
0 0.19453125 0.43203125 0.0203125 0.0265625
0 0.2578125 0.42890625 0.0296875 0.02578125
0 0.31796875 0.41640625 0.03984375 0.03046875
0 0.596875 0.41171875 0.03046875 0.034375
2 0.6625 0.38359375 0.03046875 0.06015625
2 0.725 0.40078125 0.0359375 0.0609375
0 0.784375 0.4234375 0.02734375 0.03046875
0 0.8359375 0.6140625 0.03046875 0.03671875
0 0.77578125 0.59453125 0.03203125 0.02578125
0 0.6859375 0.60703125 0.03515625 0.04140625
0 0.42578125 0.58515625 0.03671875 0.03359375
0 0.340625 0.59453125 0.02734375 0.028125
0 0.2625 0.60390625 0.03359375 0.03046875
0 0.1984375 0.5734375 0.0265625 0.03046875
0 0.68046875 0.81171875 0.059375 0.04453125
0 0.98671875 0.75625 0.01953125 0.04375
0 0.92578125 0.5375 0.02265625 0.025
0 0.86953125 0.38671875 0.01640625 0.02421875
0 0.9046875 0.3859375 0.01640625 0.02109375
0 0.7734375 0.15390625 0.01640625 0.02109375