0 0.40625 0.27734375 0.0265625 0.0265625
0 0.5265625 0.2859375 0.02578125 0.03828125
0 0.14140625 0.59453125 0.025 0.04375
0 0.26328125 0.60546875 0.034375 0.03515625
0 0.3453125 0.58125 0.03125 0.03125
0 0.42578125 0.58046875 0.03984375 0.03671875
0 0.68515625 0.60625 0.03359375 0.03984375
0 0.7765625 0.59375 0.03125 0.028125
0 0.83515625 0.615625 0.03046875 0.040625
0 0.19296875 0.42578125 0.01953125 0.03046875
0 0.26015625 0.41953125 0.02578125 0.03046875
0 0.31953125 0.40625 0.03125 0.03203125
0 0.596875 0.40859375 0.0296875 0.02890625
2 0.66328125 0.384375 0.02890625 0.06171875
2 0.72578125 0.403125 0.03515625 0.06328125
0 0.7828125 0.41953125 0.03125 0.028125
0 0.759375 0.31875 0.02578125 0.028125
0 0.7 0.28828125 0.02421875 0.0265625
0 0.4625 0.28359375 0.0203125 0.03515625
0 0.4515625 0.19453125 0.025 0.021875
0 0.484375 0.1171875 0.0171875 0.01796875
0 0.35625 0.13359375 0.01484375 0.01796875
0 0.38984375 0.128125 0.0203125 0.01953125
0 0.596875 0.06328125 0.02265625 0.0203125
0 0.2390625 0.13125 0.01484375 0.015625
0 0.18984375 0.18359375 0.0171875 0.01796875
0 0.92578125 0.5390625 0.01953125 0.025
0 0.90390625 0.39609375 0.01796875 0.028125
0 0.86875 0.3859375 0.0171875 0.025
0 0.77421875 0.1546875 0.0171875 0.0203125
0 0.740625 0.103125 0.01640625 0.01953125