0 0.13515625 0.59921875 0.01875 0.03203125
0 0.2375 0.60703125 0.01953125 0.03125
0 0.68515625 0.81640625 0.04140625 0.03203125
0 0.6125 0.44140625 0.021875 0.0359375
2 0.72265625 0.39609375 0.03203125 0.04921875
0 0.315625 0.40859375 0.0359375 0.028125
0 0.19375 0.42578125 0.01640625 0.02421875
0 0.25703125 0.42109375 0.025 0.025
0 0.40546875 0.2765625 0.0265625 0.021875
0 0.696875 0.29296875 0.02421875 0.0234375
0 0.759375 0.315625 0.0234375 0.02421875
0 0.35546875 0.134375 0.01171875 0.01484375
0 0.42890625 0.11875 0.015625 0.015625
0 0.48203125 0.1140625 0.015625 0.01484375
0 0.50625 0.1890625 0.0171875 0.02578125
0 0.5734375 0.1984375 0.01796875 0.01796875
0 0.56875 0.1203125 0.01640625 0.01640625
0 0.63828125 0.06640625 0.0125 0.0140625
0 0.5953125 0.0640625 0.021875 0.015625
0 0.4 0.01953125 0.0109375 0.0140625
0 0.18828125 0.18125 0.015625 0.01796875
0 0.20546875 0.13671875 0.0140625 0.01640625
0 0.23828125 0.13046875 0.01484375 0.015625
0 0.3015625 0.053125 0.01015625 0.01015625
0 0.86875 0.38203125 0.0140625 0.01640625
0 0.903125 0.3953125 0.0109375 0.02421875