0 0.40625 0.27734375 0.0265625 0.0265625
0 0.51953125 0.290625 0.01640625 0.03515625
0 0.19453125 0.59765625 0.034375 0.05625
0 0.190625 0.18046875 0.01640625 0.01875
0 0.2390625 0.13046875 0.01640625 0.01484375
0 0.35625 0.13203125 0.0140625 0.01640625
0 0.390625 0.128125 0.02109375 0.0203125
0 0.46328125 0.06328125 0.01796875 0.01875
0 0.484375 0.1171875 0.0171875 0.015625
0 0.596875 0.06484375 0.02265625 0.021875
0 0.5078125 0.18828125 0.01796875 0.03046875
0 0.45078125 0.19375 0.02578125 0.02578125
0 0.46796875 0.28046875 0.0296875 0.028125
0 0.5375 0.28515625 0.02265625 0.0296875
0 0.19375 0.42421875 0.0203125 0.02890625
0 0.25703125 0.4234375 0.03125 0.02890625
0 0.31953125 0.40703125 0.02734375 0.03203125
0 0.596875 0.40703125 0.03125 0.028125
2 0.66328125 0.38203125 0.03046875 0.05546875
2 0.72578125 0.40390625 0.0375 0.0609375
0 0.7828125 0.41875 0.03125 0.0296875
0 0.7609375 0.31796875 0.025 0.0265625
0 0.696875 0.2921875 0.0265625 0.0265625
0 0.83125 0.60703125 0.02578125 0.03125
0 0.771875 0.615625 0.02578125 0.034375
0 0.34375 0.58359375 0.0328125 0.0359375
0 0.2578125 0.60546875 0.02265625 0.03671875
0 0.1390625 0.596875 0.025 0.04375
0 0.68671875 0.815625 0.0453125 0.03828125
0 0.92578125 0.5390625 0.01953125 0.0234375
0 0.86875 0.384375 0.0140625 0.02421875
0 0.9015625 0.39375 0.01796875 0.02578125
0 0.7984375 0.2078125 0.01484375 0.01796875
0 0.77265625 0.15546875 0.01640625 0.02109375