0 0.40625 0.27734375 0.0265625 0.0265625
0 0.53203125 0.28046875 0.03125 0.03359375
0 0.18984375 0.184375 0.01640625 0.01484375
0 0.2375 0.13125 0.01640625 0.01796875
0 0.35625 0.134375 0.01484375 0.01640625
0 0.4296875 0.1203125 0.01640625 0.0203125
0 0.4671875 0.06171875 0.01796875 0.01796875
0 0.484375 0.115625 0.0171875 0.01640625
0 0.50703125 0.190625 0.01953125 0.02421875
0 0.59453125 0.06875 0.01796875 0.01640625
0 0.7046875 0.20859375 0.01796875 0.0234375
0 0.46328125 0.28203125 0.02109375 0.03203125
0 0.76015625 0.31875 0.02578125 0.02578125
0 0.784375 0.42109375 0.0296875 0.03046875
2 0.72578125 0.40078125 0.0375 0.05859375
2 0.66328125 0.384375 0.02890625 0.05625
0 0.596875 0.4109375 0.0296875 0.03359375
0 0.3171875 0.40703125 0.03515625 0.03515625
0 0.25859375 0.4234375 0.028125 0.03203125
0 0.19453125 0.43046875 0.02109375 0.02578125
0 0.1390625 0.6015625 0.02421875 0.0359375
0 0.26171875 0.6046875 0.0328125 0.03125
0 0.33828125 0.6015625 0.02890625 0.03671875
0 0.3921875 0.56796875 0.03359375 0.03203125
0 0.7765625 0.59375 0.03046875 0.02890625
0 0.83359375 0.60859375 0.02421875 0.02890625
0 0.68359375 0.603125 0.03359375 0.03359375
0 0.68828125 0.8015625 0.04375 0.03515625
0 0.98671875 0.75625 0.01796875 0.04375
0 0.92578125 0.53671875 0.01875 0.02421875
0 0.86953125 0.38671875 0.01640625 0.0234375
0 0.7734375 0.1546875 0.01484375 0.0203125