0 0.1359375 0.6 0.01796875 0.03125
0 0.1890625 0.60234375 0.01953125 0.03828125
0 0.24765625 0.55703125 0.02109375 0.0296875
0 0.33828125 0.60390625 0.02734375 0.034375
0 0.41328125 0.58515625 0.025 0.05
0 0.68515625 0.81640625 0.04140625 0.03359375
0 0.7703125 0.6125 0.02578125 0.03046875
0 0.8359375 0.6109375 0.03125 0.03125
0 0.6828125 0.60625 0.025 0.03828125
0 0.19375 0.4265625 0.01484375 0.0234375
0 0.25546875 0.41953125 0.028125 0.0265625
0 0.32265625 0.40859375 0.02265625 0.02421875
0 0.596875 0.4109375 0.0265625 0.03125
0 0.65234375 0.42890625 0.02421875 0.03515625
2 0.6625 0.38125 0.02734375 0.0546875
2 0.725 0.3984375 0.0328125 0.053125
0 0.78359375 0.42109375 0.0296875 0.025
0 0.696875 0.29375 0.02578125 0.021875
0 0.7609375 0.30625 0.021875 0.0296875
0 0.528125 0.28125 0.01953125 0.03046875
0 0.46875 0.2796875 0.02890625 0.02578125
0 0.40390625 0.2765625 0.028125 0.021875
0 0.45625 0.19375 0.0265625 0.01875
0 0.50703125 0.18984375 0.01640625 0.02421875
0 0.56640625 0.1203125 0.01484375 0.01640625
0 0.4828125 0.11640625 0.015625 0.0140625
0 0.38984375 0.1296875 0.02109375 0.01640625
0 0.35625 0.13203125 0.01328125 0.01640625
0 0.4375 0.065625 0.01640625 0.01328125
0 0.5953125 0.0625 0.021875 0.01953125
0 0.98515625 0.75546875 0.01640625 0.0390625
0 0.92578125 0.5390625 0.01796875 0.02109375
0 0.86875 0.3859375 0.0140625 0.01953125
0 0.9015625 0.39453125 0.01328125 0.02578125
0 0.803125 0.196875 0.01484375 0.02421875
0 0.77265625 0.15390625 0.01484375 0.01953125
0 0.73828125 0.1015625 0.01328125 0.01875
0 0.30234375 0.0515625 0.0109375 0.01328125
0 0.2375 0.13046875 0.01640625 0.015625
0 0.2046875 0.1359375 0.015625 0.01640625
0 0.190625 0.18046875 0.015625 0.01484375
0 0.14140625 0.271875 0.01015625 0.0140625