0 0.3015625 0.053125 0.01015625 0.0109375
0 0.4 0.0203125 0.0125 0.01484375
0 0.42734375 0.06875 0.01796875 0.015625
0 0.4671875 0.059375 0.02109375 0.0140625
0 0.59453125 0.065625 0.01171875 0.01484375
0 0.484375 0.115625 0.0171875 0.01328125
0 0.42734375 0.1265625 0.0140625 0.0234375
0 0.3875 0.1265625 0.01484375 0.01875
0 0.35703125 0.115625 0.0125 0.01640625
0 0.2828125 0.203125 0.01484375 0.01796875
0 0.3046875 0.21328125 0.015625 0.01796875
0 0.50625 0.18984375 0.021875 0.02421875
0 0.6 0.15859375 0.01484375 0.028125
0 0.70390625 0.20703125 0.01796875 0.0234375
0 0.7578125 0.315625 0.02578125 0.0265625
0 0.70078125 0.296875 0.025 0.021875
0 0.51953125 0.29140625 0.01796875 0.0296875
0 0.53828125 0.27421875 0.01875 0.021875
0 0.46484375 0.28046875 0.0265625 0.0203125
0 0.4015625 0.27578125 0.02578125 0.02109375
0 0.19375 0.43046875 0.0171875 0.02421875
0 0.31640625 0.4015625 0.02890625 0.03125
0 0.596875 0.40859375 0.028125 0.0296875
2 0.6625 0.37734375 0.0265625 0.0453125
2 0.72265625 0.39765625 0.03046875 0.0453125
0 0.784375 0.42421875 0.028125 0.02109375
0 0.83203125 0.609375 0.02421875 0.02578125
0 0.7765625 0.596875 0.03125 0.02109375
0 0.68515625 0.603125 0.03359375 0.03359375
0 0.34765625 0.6015625 0.02890625 0.03046875
0 0.1375 0.59453125 0.0203125 0.02890625
0 0.6890625 0.80625 0.03828125 0.03671875
0 0.984375 0.753125 0.01640625 0.040625
0 0.92578125 0.53828125 0.01796875 0.01953125
0 0.86796875 0.38671875 0.0140625 0.01953125
0 0.77265625 0.153125 0.01484375 0.01640625
0 0.740625 0.1015625 0.0140625 0.01796875