0 0.190625 0.18359375 0.015625 0.01484375
0 0.2078125 0.13984375 0.01484375 0.01484375
0 0.3015625 0.053125 0.01015625 0.01328125
0 0.35625 0.11875 0.01171875 0.01484375
0 0.38671875 0.12578125 0.0171875 0.01875
0 0.428125 0.06796875 0.01796875 0.0140625
0 0.46796875 0.059375 0.0203125 0.01328125
0 0.484375 0.11640625 0.0171875 0.01484375
0 0.70078125 0.296875 0.02421875 0.0234375
0 0.75703125 0.3171875 0.02421875 0.025
0 0.703125 0.20625 0.01796875 0.0234375
0 0.46484375 0.28046875 0.02578125 0.02421875
0 0.51953125 0.29140625 0.01953125 0.0296875
0 0.53828125 0.275 0.01875 0.0203125
0 0.60078125 0.1609375 0.01796875 0.02890625
0 0.40078125 0.2765625 0.02578125 0.02421875
0 0.19375 0.4296875 0.0171875 0.02421875
0 0.315625 0.403125 0.0328125 0.03359375
0 0.596875 0.4109375 0.02734375 0.03125
2 0.6625 0.38046875 0.0265625 0.04921875
2 0.72265625 0.3984375 0.03046875 0.0453125
0 0.784375 0.425 0.0265625 0.0203125
0 0.77578125 0.60390625 0.02578125 0.02578125
0 0.83359375 0.6109375 0.02421875 0.0296875
0 0.68515625 0.60234375 0.03046875 0.034375
0 0.68984375 0.80625 0.03515625 0.03203125
0 0.34765625 0.60625 0.03203125 0.0359375
0 0.16796875 0.60546875 0.01484375 0.03203125
0 0.984375 0.75234375 0.01640625 0.03984375
0 0.92578125 0.5375 0.01796875 0.01953125
0 0.86875 0.3859375 0.0140625 0.01953125
0 0.77265625 0.15390625 0.01484375 0.01875
0 0.740625 0.10078125 0.01484375 0.01875