0 0.190625 0.184375 0.015625 0.01328125
0 0.2625 0.090625 0.0109375 0.0140625
0 0.30078125 0.05234375 0.009375 0.01015625
0 0.4 0.021875 0.0140625 0.0140625
0 0.4375 0.06875 0.01640625 0.01484375
0 0.4671875 0.0609375 0.01796875 0.01171875
0 0.5953125 0.0640625 0.01015625 0.01875
0 0.484375 0.1171875 0.01640625 0.0140625
0 0.42734375 0.1265625 0.0140625 0.0234375
0 0.38515625 0.1265625 0.01328125 0.01953125
0 0.2671875 0.21953125 0.01640625 0.01640625
0 0.29921875 0.20625 0.01015625 0.02109375
0 0.6 0.165625 0.01484375 0.03203125
0 0.703125 0.20703125 0.01796875 0.02109375
0 0.75859375 0.315625 0.02421875 0.02578125
0 0.7015625 0.29921875 0.02421875 0.021875
0 0.53828125 0.275 0.01796875 0.01875
0 0.51953125 0.29140625 0.01796875 0.02890625
0 0.46328125 0.28125 0.01796875 0.02890625
0 0.4015625 0.27421875 0.02734375 0.0234375
0 0.19453125 0.43125 0.01796875 0.0234375
0 0.25703125 0.425 0.03125 0.0296875
0 0.31640625 0.4015625 0.03125 0.03671875
2 0.66171875 0.38046875 0.0265625 0.05078125
2 0.72421875 0.3984375 0.0296875 0.046875
0 0.78515625 0.42421875 0.028125 0.0234375
0 0.83203125 0.60859375 0.02265625 0.0265625
0 0.775 0.603125 0.0296875 0.02578125
0 0.68515625 0.603125 0.03359375 0.03671875
0 0.346875 0.5984375 0.03203125 0.03046875
0 0.41796875 0.590625 0.0234375 0.04453125
0 0.2125 0.596875 0.02734375 0.04453125
0 0.2 0.5796875 0.0265625 0.028125
0 0.68984375 0.80625 0.0390625 0.04375
0 0.98359375 0.7546875 0.015625 0.03515625
0 0.92578125 0.5375 0.01796875 0.01953125
0 0.86875 0.3859375 0.0140625 0.02109375
0 0.7734375 0.15390625 0.01484375 0.02109375
0 0.740625 0.10234375 0.0140625 0.01953125