0 0.20859375 0.1390625 0.0140625 0.0140625
0 0.23828125 0.13046875 0.015625 0.0140625
0 0.71953125 0.74375 0.02578125 0.0703125
0 0.1390625 0.603125 0.02109375 0.03046875
0 0.26171875 0.60390625 0.03359375 0.028125
0 0.346875 0.603125 0.0328125 0.0296875
0 0.42890625 0.56796875 0.02890625 0.02421875
0 0.6921875 0.6046875 0.02109375 0.03359375
0 0.7734375 0.5984375 0.028125 0.03046875
0 0.83203125 0.60625 0.02265625 0.028125
0 0.78515625 0.42109375 0.028125 0.02421875
2 0.725 0.3984375 0.034375 0.0546875
2 0.6625 0.38125 0.028125 0.05625
0 0.59765625 0.40859375 0.02734375 0.03125
0 0.31640625 0.40546875 0.03046875 0.03203125
0 0.25859375 0.4234375 0.0265625 0.03125
0 0.19453125 0.43046875 0.01796875 0.021875
0 0.4625 0.28125 0.01796875 0.03046875
0 0.53828125 0.27265625 0.01640625 0.01953125
0 0.75703125 0.31796875 0.025 0.025
0 0.70078125 0.29453125 0.02421875 0.021875
0 0.50625 0.19296875 0.0234375 0.01875
0 0.4515625 0.19375 0.02421875 0.0203125
0 0.35390625 0.13203125 0.01484375 0.01484375
0 0.4296875 0.11796875 0.01484375 0.01953125
0 0.484375 0.11640625 0.015625 0.01484375
0 0.5953125 0.06640625 0.009375 0.01328125
0 0.4375 0.06640625 0.02109375 0.01328125
0 0.4 0.01875 0.01328125 0.01484375
0 0.98203125 0.75546875 0.015625 0.03203125
0 0.92578125 0.53671875 0.01796875 0.01875
0 0.86875 0.384375 0.0140625 0.01953125
0 0.77265625 0.1546875 0.01484375 0.01875
0 0.74140625 0.103125 0.01484375 0.01640625