0 0.69921875 0.80703125 0.03515625 0.04453125
0 0.984375 0.7484375 0.0140625 0.04453125
0 0.20859375 0.1390625 0.01484375 0.0140625
0 0.23828125 0.13046875 0.01484375 0.0140625
0 0.3 0.0546875 0.0109375 0.01328125
0 0.42734375 0.06875 0.0203125 0.01484375
0 0.5953125 0.0671875 0.01171875 0.0140625
0 0.484375 0.11640625 0.0171875 0.01328125
0 0.42890625 0.11875 0.015625 0.01875
0 0.35390625 0.13515625 0.01015625 0.01875
0 0.265625 0.21796875 0.0140625 0.015625
0 0.3921875 0.19921875 0.021875 0.0203125
0 0.453125 0.19296875 0.02734375 0.02109375
0 0.5109375 0.18828125 0.03125 0.01875
0 0.703125 0.20546875 0.0171875 0.01875
0 0.759375 0.31796875 0.02421875 0.0265625
0 0.7015625 0.29375 0.02421875 0.02109375
0 0.53828125 0.27265625 0.01875 0.01953125
0 0.4625 0.28125 0.01875 0.02890625
0 0.19453125 0.43125 0.01796875 0.0234375
0 0.259375 0.4234375 0.02421875 0.03125
0 0.31640625 0.40390625 0.03125 0.03359375
0 0.59765625 0.409375 0.028125 0.03046875
2 0.66171875 0.38046875 0.0296875 0.05390625
2 0.72265625 0.39765625 0.03359375 0.0546875
0 0.78203125 0.41796875 0.03359375 0.03046875
0 0.83203125 0.60703125 0.02421875 0.0265625
0 0.7765625 0.59375 0.03046875 0.021875
0 0.68515625 0.60625 0.034375 0.0359375
0 0.41015625 0.56171875 0.02109375 0.03046875
0 0.346875 0.60078125 0.03046875 0.03125
0 0.26015625 0.60390625 0.034375 0.028125
0 0.196875 0.58203125 0.02421875 0.03515625
0 0.92578125 0.5359375 0.01796875 0.01875
0 0.86875 0.38515625 0.01484375 0.0203125
0 0.77265625 0.1546875 0.015625 0.01875
2 0.74765625 0.08125 0.01484375 0.0265625