0 0.69375 0.81796875 0.0328125 0.0546875
0 0.83203125 0.60546875 0.02421875 0.02578125
0 0.77578125 0.596875 0.028125 0.01953125
0 0.69375 0.5984375 0.0171875 0.03125
0 0.4296875 0.51953125 0.02890625 0.03046875
0 0.346875 0.5984375 0.0328125 0.03046875
0 0.26171875 0.60390625 0.03515625 0.028125
0 0.19765625 0.58046875 0.028125 0.0265625
0 0.19375 0.43046875 0.0171875 0.021875
0 0.25859375 0.42265625 0.0265625 0.03046875
0 0.31640625 0.403125 0.03046875 0.034375
0 0.596875 0.409375 0.03203125 0.03046875
2 0.725 0.39765625 0.03359375 0.05625
0 0.7828125 0.41796875 0.03359375 0.03203125
0 0.75703125 0.31640625 0.025 0.02578125
0 0.70078125 0.29296875 0.025 0.0234375
0 0.51953125 0.2921875 0.01796875 0.0265625
0 0.53828125 0.2734375 0.01796875 0.01875
0 0.46328125 0.28046875 0.01953125 0.0296875
0 0.39140625 0.28046875 0.01796875 0.01875
0 0.26640625 0.21875 0.01640625 0.01484375
0 0.453125 0.19296875 0.0265625 0.01953125
0 0.5109375 0.1859375 0.02890625 0.01953125
0 0.48359375 0.11640625 0.0171875 0.0140625
0 0.4296875 0.13046875 0.01484375 0.01796875
0 0.3875 0.12421875 0.01640625 0.01953125
0 0.425 0.06953125 0.01640625 0.01171875
0 0.59296875 0.06171875 0.01484375 0.01875
0 0.2078125 0.1390625 0.015625 0.01328125
0 0.2390625 0.13046875 0.01484375 0.01484375
0 0.3015625 0.0515625 0.01328125 0.01328125
0 0.984375 0.75 0.015625 0.04453125
0 0.92578125 0.53671875 0.01796875 0.01953125
0 0.86953125 0.38515625 0.01484375 0.01875
0 0.7734375 0.15546875 0.015625 0.01953125
0 0.740625 0.09921875 0.0140625 0.01953125