0 0.2078125 0.1390625 0.01640625 0.01328125
0 0.2375 0.13046875 0.01484375 0.01328125
0 0.2625 0.09140625 0.01171875 0.0140625
0 0.30078125 0.0515625 0.01171875 0.0109375
0 0.35625 0.11796875 0.01328125 0.015625
0 0.38828125 0.125 0.01484375 0.01875
0 0.428125 0.1265625 0.0140625 0.0234375
0 0.428125 0.06796875 0.01796875 0.01171875
0 0.46640625 0.05625 0.02109375 0.01328125
0 0.48359375 0.11640625 0.0171875 0.01484375
0 0.57265625 0.11796875 0.01484375 0.02109375
0 0.70390625 0.20546875 0.015625 0.021875
0 0.2703125 0.21875 0.01484375 0.01875
0 0.30625 0.20546875 0.0203125 0.0203125
0 0.3625 0.303125 0.02265625 0.021875
0 0.40078125 0.2765625 0.025 0.021875
0 0.465625 0.27890625 0.02421875 0.02578125
0 0.51953125 0.28828125 0.01796875 0.03125
0 0.53828125 0.28125 0.01796875 0.02890625
0 0.7015625 0.29453125 0.02578125 0.02421875
0 0.75703125 0.3171875 0.02421875 0.025
0 0.784375 0.42421875 0.0265625 0.0203125
2 0.7234375 0.396875 0.03203125 0.04453125
2 0.6609375 0.38046875 0.02578125 0.05390625
0 0.596875 0.409375 0.0296875 0.03125
0 0.315625 0.403125 0.03046875 0.03359375
0 0.19375 0.42890625 0.0171875 0.02109375
0 0.25625 0.42578125 0.03203125 0.02578125
0 0.16640625 0.6015625 0.015625 0.028125
0 0.20234375 0.59140625 0.02421875 0.040625
0 0.346875 0.60546875 0.03203125 0.03671875
0 0.68515625 0.60390625 0.03359375 0.03828125
0 0.771875 0.6109375 0.0265625 0.03046875
0 0.83203125 0.60703125 0.02421875 0.02578125
0 0.68828125 0.81875 0.0375 0.04453125
0 0.984375 0.75390625 0.01640625 0.0359375
0 0.92578125 0.53671875 0.01796875 0.01875
0 0.86875 0.38515625 0.0140625 0.0203125
0 0.77265625 0.1546875 0.01484375 0.01875
0 0.740625 0.103125 0.01484375 0.01484375