0 0.5328125 0.28046875 0.03125 0.03359375
0 0.2078125 0.1390625 0.01328125 0.01484375
0 0.23828125 0.1296875 0.01484375 0.01640625
0 0.26328125 0.090625 0.01171875 0.02109375
0 0.4296875 0.12109375 0.01640625 0.01953125
0 0.484375 0.11796875 0.0171875 0.01484375
0 0.70390625 0.2078125 0.01796875 0.025
0 0.759375 0.31875 0.0265625 0.0296875
0 0.703125 0.30546875 0.0171875 0.02578125
0 0.45234375 0.19453125 0.0234375 0.0234375
0 0.4640625 0.28125 0.02109375 0.03359375
0 0.25703125 0.42421875 0.03046875 0.03125
0 0.3125 0.41484375 0.0328125 0.03515625
0 0.596875 0.41328125 0.0296875 0.03125
2 0.66328125 0.384375 0.03203125 0.05625
2 0.72578125 0.40390625 0.03515625 0.059375
0 0.784375 0.41953125 0.02890625 0.028125
0 0.7765625 0.59765625 0.03125 0.03046875
0 0.3921875 0.571875 0.02890625 0.02890625
0 0.34296875 0.6015625 0.0296875 0.03828125
0 0.26171875 0.60546875 0.0328125 0.03203125
0 0.1421875 0.6 0.021875 0.03125
0 0.9859375 0.75625 0.01640625 0.0359375
0 0.8390625 0.6125 0.03671875 0.03984375
0 0.92578125 0.5390625 0.01875 0.02421875
0 0.86953125 0.3859375 0.01796875 0.025
0 0.90625 0.3859375 0.01484375 0.0203125
0 0.7734375 0.1546875 0.01640625 0.0203125