0 0.74765625 0.7359375 0.02734375 0.03125
0 0.83203125 0.60546875 0.02421875 0.02578125
0 0.77578125 0.59375 0.02890625 0.021875
0 0.77265625 0.53046875 0.03125 0.06484375
0 0.42890625 0.58125 0.02578125 0.025
0 0.34140625 0.5984375 0.02421875 0.03125
0 0.26171875 0.60546875 0.03671875 0.03515625
0 0.14140625 0.596875 0.02109375 0.03046875
0 0.19453125 0.43125 0.01640625 0.0234375
0 0.25703125 0.42265625 0.02890625 0.03046875
0 0.315625 0.40625 0.03515625 0.03046875
0 0.596875 0.41015625 0.02734375 0.03125
2 0.6625 0.38125 0.02734375 0.05078125
2 0.72421875 0.39765625 0.0328125 0.0546875
0 0.78359375 0.41875 0.0265625 0.02421875
0 0.759375 0.31875 0.0234375 0.02421875
0 0.70078125 0.296875 0.02421875 0.01953125
0 0.528125 0.28125 0.01953125 0.02890625
0 0.4625 0.28125 0.01953125 0.02890625
0 0.453125 0.19296875 0.0265625 0.01953125
0 0.50703125 0.190625 0.01796875 0.021875
0 0.484375 0.11640625 0.0171875 0.01328125
0 0.42890625 0.11796875 0.01640625 0.01796875
0 0.38828125 0.12421875 0.01875 0.01953125
0 0.35390625 0.13125 0.01484375 0.01484375
0 0.59296875 0.06796875 0.0140625 0.015625
0 0.98359375 0.746875 0.01640625 0.04453125
0 0.92578125 0.534375 0.01875 0.01875
0 0.86875 0.3859375 0.0140625 0.01953125
0 0.89453125 0.365625 0.015625 0.01953125
0 0.77265625 0.1546875 0.01484375 0.01875
0 0.36640625 0.03046875 0.0125 0.01484375