0 0.984375 0.75234375 0.015625 0.03984375
0 0.6890625 0.80625 0.040625 0.0359375
0 0.83203125 0.60625 0.02421875 0.028125
0 0.7765625 0.59375 0.03046875 0.021875
0 0.68515625 0.60390625 0.03515625 0.03203125
0 0.4265625 0.584375 0.03515625 0.03671875
0 0.34765625 0.59453125 0.03046875 0.02890625
0 0.19375 0.43046875 0.0171875 0.021875
0 0.25625 0.42421875 0.03203125 0.0296875
0 0.31640625 0.40234375 0.03125 0.034375
0 0.596875 0.40625 0.02890625 0.0296875
2 0.66015625 0.38046875 0.028125 0.05390625
2 0.725 0.39453125 0.03203125 0.046875
0 0.784375 0.4234375 0.02890625 0.01953125
0 0.76328125 0.31875 0.01640625 0.0203125
0 0.703125 0.2953125 0.0234375 0.021875
0 0.51953125 0.29140625 0.01796875 0.028125
0 0.53828125 0.27265625 0.01796875 0.01953125
0 0.4625 0.28046875 0.01953125 0.0296875
0 0.40078125 0.278125 0.02578125 0.02421875
0 0.2671875 0.21875 0.01640625 0.01484375
0 0.453125 0.19375 0.02578125 0.0203125
0 0.5046875 0.190625 0.02421875 0.0203125
0 0.57890625 0.19609375 0.01640625 0.025
0 0.484375 0.11640625 0.0171875 0.01171875
0 0.42734375 0.12421875 0.0140625 0.01953125
0 0.3875 0.128125 0.01796875 0.01796875
0 0.42421875 0.07109375 0.01484375 0.0109375
0 0.46875 0.05859375 0.01796875 0.01328125
0 0.5953125 0.065625 0.01171875 0.01484375
0 0.92578125 0.53671875 0.01796875 0.01953125
0 0.86875 0.384375 0.0140625 0.01953125
0 0.7734375 0.1546875 0.015625 0.01875
0 0.74140625 0.1 0.01328125 0.01875
0 0.3015625 0.0515625 0.0125 0.01328125
0 0.2375 0.1359375 0.01328125 0.01953125
0 0.20859375 0.13984375 0.01640625 0.01484375
0 0.18828125 0.18125 0.015625 0.0140625
0 0.159375 0.27890625 0.0109375 0.01640625