0 0.40625 0.27578125 0.02421875 0.02421875
0 0.52890625 0.28125 0.01953125 0.02890625
2 0.6625 0.38046875 0.03203125 0.05703125
2 0.72578125 0.40390625 0.03671875 0.05703125
0 0.98515625 0.753125 0.01796875 0.0453125
0 0.34140625 0.60546875 0.021875 0.040625
0 0.68828125 0.81796875 0.040625 0.0453125
0 0.690625 0.60390625 0.02421875 0.04296875
0 0.77421875 0.61328125 0.0296875 0.03125
0 0.83359375 0.61171875 0.025 0.03046875
0 0.78515625 0.42578125 0.028125 0.03046875
0 0.5921875 0.40859375 0.02109375 0.0296875
0 0.315625 0.4015625 0.03203125 0.03671875
0 0.25703125 0.42890625 0.034375 0.0265625
0 0.19375 0.42578125 0.0171875 0.02421875
0 0.34140625 0.28984375 0.02265625 0.028125
0 0.465625 0.28046875 0.02421875 0.02578125
0 0.703125 0.29765625 0.0234375 0.0265625
0 0.7578125 0.315625 0.02890625 0.0265625
0 0.7046875 0.20703125 0.01796875 0.02109375
0 0.4578125 0.19453125 0.01796875 0.0203125
0 0.2875 0.2140625 0.0171875 0.01953125
0 0.35625 0.11875 0.01171875 0.01484375
0 0.428125 0.1265625 0.015625 0.0265625
0 0.484375 0.11640625 0.01796875 0.01875
0 0.59140625 0.06484375 0.015625 0.01640625
0 0.428125 0.06953125 0.01796875 0.01796875
0 0.92578125 0.53828125 0.01796875 0.021875
0 0.86875 0.3859375 0.015625 0.025
0 0.77421875 0.15625 0.01640625 0.02109375