0 0.40703125 0.2765625 0.02578125 0.02578125
0 0.534375 0.28125 0.0296875 0.03046875
2 0.6625 0.38046875 0.03203125 0.05703125
2 0.72578125 0.40390625 0.03671875 0.05703125
0 0.98515625 0.753125 0.01796875 0.0453125
0 0.428125 0.06875 0.01796875 0.01640625
0 0.38828125 0.13046875 0.01484375 0.021875
0 0.46640625 0.0609375 0.01953125 0.01640625
0 0.48359375 0.11640625 0.0171875 0.01640625
0 0.45078125 0.1953125 0.01875 0.02578125
0 0.49453125 0.20546875 0.02421875 0.0265625
0 0.58125 0.18828125 0.02109375 0.01875
0 0.590625 0.06328125 0.01484375 0.01953125
0 0.70390625 0.20625 0.01796875 0.02421875
0 0.28125 0.2109375 0.0171875 0.01953125
0 0.309375 0.20859375 0.0234375 0.0234375
0 0.465625 0.278125 0.02421875 0.028125
0 0.70078125 0.296875 0.028125 0.0234375
0 0.75859375 0.31796875 0.0265625 0.0265625
0 0.78203125 0.428125 0.02421875 0.0265625
0 0.59765625 0.4109375 0.02890625 0.03046875
0 0.3171875 0.403125 0.03046875 0.03515625
0 0.259375 0.4234375 0.0265625 0.03203125
0 0.19375 0.428125 0.01796875 0.02578125
0 0.1390625 0.6015625 0.02734375 0.03046875
0 0.19140625 0.58359375 0.02109375 0.040625
0 0.26015625 0.6171875 0.034375 0.03203125
0 0.68515625 0.60625 0.03671875 0.04375
0 0.77421875 0.6109375 0.02734375 0.03359375
0 0.834375 0.61171875 0.0234375 0.03125
0 0.696875 0.821875 0.02890625 0.04453125
0 0.925 0.53359375 0.0203125 0.0234375
0 0.86875 0.3859375 0.01484375 0.021875
0 0.7734375 0.153125 0.01640625 0.02109375
0 0.74453125 0.065625 0.01796875 0.03125