0 0.40703125 0.28125 0.02421875 0.01953125
0 0.52890625 0.28359375 0.01953125 0.02890625
2 0.6625 0.38046875 0.03203125 0.05703125
2 0.72578125 0.40390625 0.03671875 0.05703125
0 0.98515625 0.753125 0.01796875 0.0453125
0 0.26328125 0.09140625 0.01015625 0.01796875
0 0.3015625 0.053125 0.01015625 0.015625
0 0.428125 0.06953125 0.01796875 0.015625
0 0.35625 0.11875 0.01328125 0.01640625
0 0.42890625 0.1265625 0.01484375 0.0265625
0 0.4671875 0.059375 0.01796875 0.0140625
0 0.59375 0.06640625 0.01796875 0.01796875
0 0.7046875 0.20703125 0.01640625 0.02578125
0 0.50859375 0.19296875 0.01875 0.025
0 0.4578125 0.19453125 0.01640625 0.021875
0 0.30859375 0.20859375 0.02109375 0.01953125
0 0.28046875 0.21484375 0.0171875 0.0203125
0 0.3421875 0.29140625 0.02265625 0.02421875
0 0.46328125 0.27890625 0.02890625 0.0265625
0 0.70234375 0.29765625 0.02421875 0.0234375
0 0.7578125 0.31640625 0.02890625 0.0296875
0 0.78515625 0.42421875 0.03046875 0.0265625
0 0.59765625 0.41171875 0.03046875 0.03359375
0 0.19296875 0.42578125 0.01875 0.02578125
0 0.25859375 0.42734375 0.028125 0.02890625
0 0.31640625 0.4015625 0.03125 0.03203125
0 0.13671875 0.6 0.0203125 0.040625
0 0.21015625 0.5453125 0.02265625 0.02578125
0 0.690625 0.60546875 0.0234375 0.03828125
0 0.67578125 0.76171875 0.03671875 0.04375
0 0.77265625 0.6125 0.03046875 0.03203125
0 0.8328125 0.6125 0.02421875 0.02890625
0 0.925 0.53984375 0.0171875 0.02421875
0 0.86875 0.38671875 0.01640625 0.0265625
0 0.7734375 0.1546875 0.015625 0.01875