0 0.40625 0.2765625 0.02578125 0.025
0 0.53046875 0.28046875 0.02421875 0.0296875
2 0.6625 0.38046875 0.03203125 0.05703125
2 0.72578125 0.40390625 0.03671875 0.05703125
0 0.98515625 0.753125 0.01796875 0.0453125
0 0.19375 0.58515625 0.0203125 0.03671875
0 0.259375 0.61875 0.03828125 0.03515625
0 0.68515625 0.60625 0.034375 0.04140625
0 0.7734375 0.6140625 0.02734375 0.03671875
0 0.83828125 0.61640625 0.03359375 0.03671875
0 0.696875 0.81875 0.02734375 0.0453125
0 0.15859375 0.25546875 0.0171875 0.0234375
0 0.38828125 0.13125 0.01640625 0.0234375
0 0.428125 0.128125 0.0140625 0.0234375
0 0.484375 0.1171875 0.01796875 0.01796875
0 0.42890625 0.06796875 0.01796875 0.01796875
0 0.70703125 0.20390625 0.02734375 0.02109375
0 0.5796875 0.18984375 0.01953125 0.021875
0 0.4953125 0.20546875 0.02421875 0.0296875
0 0.31015625 0.21015625 0.021875 0.021875
0 0.28046875 0.209375 0.0171875 0.025
0 0.46796875 0.2796875 0.02265625 0.02578125
0 0.70078125 0.2984375 0.028125 0.02109375
0 0.75859375 0.31796875 0.0265625 0.02578125
0 0.78203125 0.428125 0.02421875 0.02890625
0 0.59765625 0.4109375 0.03046875 0.03046875
0 0.19375 0.42890625 0.01953125 0.028125
0 0.259375 0.4234375 0.02890625 0.03125
0 0.31640625 0.39921875 0.03046875 0.034375
0 0.928125 0.54453125 0.01953125 0.025
0 0.86875 0.384375 0.0171875 0.025
0 0.77421875 0.15390625 0.01484375 0.01875