0 0.4078125 0.2796875 0.021875 0.021875
0 0.53125 0.28046875 0.02265625 0.0296875
2 0.6625 0.38046875 0.03203125 0.05703125
2 0.72578125 0.40390625 0.03671875 0.05703125
0 0.98515625 0.753125 0.01796875 0.0453125
0 0.20625 0.1375 0.01484375 0.01953125
0 0.27890625 0.21171875 0.01796875 0.01953125
0 0.309375 0.21015625 0.02265625 0.021875
0 0.35078125 0.11796875 0.01484375 0.01796875
0 0.42890625 0.06796875 0.01875 0.015625
0 0.428125 0.128125 0.015625 0.0234375
0 0.59140625 0.06171875 0.01875 0.01875
0 0.66953125 0.13515625 0.01171875 0.01875
0 0.4578125 0.19375 0.01875 0.021875
0 0.7046875 0.20625 0.01640625 0.0234375
0 0.75703125 0.31640625 0.02578125 0.028125
0 0.70078125 0.29453125 0.02421875 0.02578125
0 0.46640625 0.278125 0.02109375 0.0265625
0 0.19296875 0.428125 0.0171875 0.02578125
0 0.25703125 0.42421875 0.02890625 0.03125
0 0.315625 0.40234375 0.0328125 0.0359375
0 0.59765625 0.41015625 0.03125 0.03125
0 0.78515625 0.4234375 0.02734375 0.03046875
0 0.8328125 0.61171875 0.02421875 0.03046875
0 0.77265625 0.60859375 0.02734375 0.03515625
0 0.690625 0.603125 0.02421875 0.03515625
0 0.26015625 0.61875 0.03046875 0.03125
0 0.13515625 0.603125 0.021875 0.03984375
0 0.696875 0.82421875 0.025 0.04453125
0 0.92578125 0.53515625 0.01875 0.01875
0 0.86875 0.3859375 0.01640625 0.02109375
0 0.7734375 0.15546875 0.01796875 0.02109375