0 0.40625 0.28125 0.0203125 0.02109375
0 0.53046875 0.28046875 0.02265625 0.0296875
2 0.6625 0.38046875 0.03203125 0.05703125
2 0.72578125 0.40390625 0.03671875 0.05703125
0 0.98515625 0.753125 0.01796875 0.0453125
0 0.2078125 0.13984375 0.015625 0.01640625
0 0.428125 0.06796875 0.01796875 0.01796875
0 0.428125 0.12890625 0.01484375 0.021875
0 0.484375 0.11796875 0.01640625 0.01640625
0 0.590625 0.065625 0.01484375 0.01796875
0 0.459375 0.19296875 0.01796875 0.01953125
0 0.309375 0.20625 0.01796875 0.02109375
0 0.28046875 0.2109375 0.0171875 0.01953125
0 0.46640625 0.2796875 0.02265625 0.02421875
0 0.70078125 0.29453125 0.02265625 0.021875
0 0.75703125 0.3171875 0.02578125 0.0265625
0 0.784375 0.41875 0.02890625 0.0265625
0 0.59765625 0.41015625 0.02890625 0.03125
0 0.315625 0.4015625 0.0328125 0.03828125
0 0.2578125 0.421875 0.02890625 0.03125
0 0.19375 0.42890625 0.0203125 0.0265625
0 0.1375 0.6015625 0.01953125 0.0359375
0 0.21015625 0.54453125 0.021875 0.021875
0 0.26015625 0.615625 0.03359375 0.03125
0 0.690625 0.60390625 0.0234375 0.03671875
0 0.77265625 0.609375 0.02734375 0.03046875
0 0.8328125 0.61328125 0.02421875 0.0265625
0 0.696875 0.81953125 0.02421875 0.03984375
0 0.925 0.534375 0.01953125 0.01953125
0 0.86875 0.3859375 0.01640625 0.02109375
0 0.703125 0.20625 0.01796875 0.02109375