0 0.40390625 0.2828125 0.01953125 0.025
0 0.53046875 0.28203125 0.0203125 0.02890625
2 0.6625 0.38046875 0.03203125 0.05703125
2 0.72578125 0.40390625 0.03671875 0.05703125
0 0.98515625 0.753125 0.01796875 0.0453125
0 0.2078125 0.1390625 0.01484375 0.01484375
0 0.3875 0.13046875 0.01484375 0.0234375
0 0.428125 0.12890625 0.015625 0.02421875
0 0.42890625 0.06953125 0.01875 0.01640625
0 0.4671875 0.06015625 0.02109375 0.01484375
0 0.484375 0.11640625 0.0171875 0.01796875
0 0.57421875 0.121875 0.01640625 0.01875
0 0.590625 0.0640625 0.01484375 0.01875
0 0.4578125 0.19375 0.01796875 0.02109375
0 0.31015625 0.21015625 0.02421875 0.021875
0 0.28125 0.21015625 0.0171875 0.0203125
0 0.46640625 0.27890625 0.02265625 0.0265625
0 0.7015625 0.296875 0.02421875 0.025
0 0.759375 0.315625 0.028125 0.02890625
0 0.7859375 0.42421875 0.02734375 0.03125
0 0.596875 0.4109375 0.0296875 0.03046875
0 0.31640625 0.4015625 0.03203125 0.03203125
0 0.259375 0.4234375 0.0265625 0.03125
0 0.19375 0.428125 0.01953125 0.02421875
0 0.1390625 0.60078125 0.028125 0.03125
0 0.26015625 0.61796875 0.03515625 0.034375
0 0.684375 0.60546875 0.03671875 0.04140625
0 0.77421875 0.609375 0.028125 0.03125
0 0.83828125 0.61640625 0.03046875 0.034375
0 0.6984375 0.825 0.02734375 0.04453125
0 0.92578125 0.53125 0.02109375 0.028125
0 0.86953125 0.3859375 0.015625 0.021875
0 0.81875 0.27265625 0.01640625 0.0265625
0 0.7734375 0.1546875 0.01640625 0.0203125
0 0.70390625 0.2078125 0.01640625 0.0234375