0 0.190625 0.18359375 0.01640625 0.01484375
0 0.2078125 0.1390625 0.01484375 0.01328125
0 0.3015625 0.053125 0.009375 0.01328125
0 0.35703125 0.11796875 0.01328125 0.0140625
0 0.390625 0.12578125 0.01796875 0.01875
0 0.42890625 0.06875 0.01796875 0.0140625
0 0.428125 0.12578125 0.0140625 0.02421875
0 0.484375 0.11640625 0.0171875 0.0140625
0 0.46640625 0.059375 0.01796875 0.01328125
0 0.703125 0.20625 0.01796875 0.021875
0 0.4578125 0.19375 0.015625 0.0203125
0 0.284375 0.20625 0.0171875 0.01875
0 0.309375 0.20625 0.01953125 0.01953125
0 0.340625 0.28984375 0.02265625 0.02421875
0 0.434375 0.29140625 0.02265625 0.0234375
0 0.46640625 0.27734375 0.02421875 0.0265625
0 0.70078125 0.29609375 0.02265625 0.0234375
0 0.75703125 0.31640625 0.025 0.0265625
0 0.784375 0.425 0.0265625 0.0203125
2 0.72265625 0.39765625 0.03046875 0.0453125
2 0.66328125 0.38046875 0.028125 0.0515625
0 0.5953125 0.409375 0.028125 0.03046875
0 0.25625 0.428125 0.03046875 0.0234375
0 0.315625 0.403125 0.03046875 0.034375
0 0.19375 0.43046875 0.0171875 0.0234375
0 0.165625 0.60390625 0.01796875 0.03203125
0 0.2015625 0.59375 0.02421875 0.04296875
0 0.34140625 0.60625 0.02265625 0.0359375
0 0.6828125 0.603125 0.03515625 0.0390625
0 0.771875 0.609375 0.02890625 0.03125
0 0.83203125 0.60859375 0.02421875 0.028125
0 0.68984375 0.8171875 0.0390625 0.0453125
0 0.98359375 0.75390625 0.0171875 0.0390625
0 0.92578125 0.53671875 0.01796875 0.01953125
0 0.86953125 0.3859375 0.01484375 0.01875
0 0.771875 0.15390625 0.01484375 0.01875