0 0.40703125 0.275 0.02734375 0.021875
0 0.534375 0.28203125 0.02890625 0.0296875
2 0.6625 0.38046875 0.03203125 0.05703125
2 0.72578125 0.40390625 0.03671875 0.05703125
0 0.98515625 0.753125 0.01796875 0.0453125
0 0.1390625 0.603125 0.02578125 0.03359375
0 0.21015625 0.51796875 0.025 0.03984375
0 0.26171875 0.61875 0.0328125 0.03515625
0 0.684375 0.60625 0.0359375 0.04375
0 0.77421875 0.61015625 0.0296875 0.03125
0 0.8375 0.61640625 0.0328125 0.0359375
0 0.69765625 0.8234375 0.025 0.04140625
0 0.2078125 0.1375 0.01640625 0.015625
0 0.30234375 0.0515625 0.01171875 0.01171875
0 0.3875 0.13046875 0.01484375 0.021875
0 0.42890625 0.06953125 0.01796875 0.01640625
0 0.428125 0.12734375 0.01484375 0.0234375
0 0.4828125 0.11640625 0.01796875 0.01484375
0 0.59375 0.065625 0.02109375 0.01796875
0 0.57421875 0.11953125 0.01796875 0.02109375
0 0.45625 0.1890625 0.01484375 0.028125
0 0.28046875 0.21171875 0.0171875 0.01953125
0 0.31015625 0.2109375 0.02421875 0.021875
0 0.465625 0.278125 0.02578125 0.0265625
0 0.70078125 0.29921875 0.028125 0.021875
0 0.75859375 0.3171875 0.02734375 0.0265625
0 0.6203125 0.1515625 0.01640625 0.0234375
0 0.49453125 0.20546875 0.02421875 0.028125
0 0.19453125 0.428125 0.01953125 0.025
0 0.259375 0.4234375 0.02890625 0.03203125
0 0.31640625 0.40078125 0.03046875 0.03203125
0 0.596875 0.4109375 0.0296875 0.03125
0 0.78515625 0.41953125 0.02890625 0.03671875
0 0.925 0.5359375 0.01953125 0.02109375
0 0.86953125 0.38671875 0.015625 0.0234375
0 0.703125 0.2078125 0.0203125 0.02109375