0 0.40625 0.28046875 0.0203125 0.021875
0 0.53359375 0.28125 0.0296875 0.0296875
2 0.6625 0.38046875 0.03203125 0.05703125
2 0.72578125 0.40390625 0.03671875 0.05703125
0 0.98515625 0.753125 0.01796875 0.0453125
0 0.3015625 0.0515625 0.01171875 0.01328125
0 0.42890625 0.06796875 0.01875 0.01796875
0 0.42890625 0.12890625 0.01328125 0.021875
0 0.59140625 0.06328125 0.01484375 0.01953125
0 0.70390625 0.20703125 0.01953125 0.025
0 0.459375 0.19375 0.02109375 0.0203125
0 0.309375 0.20703125 0.01953125 0.02109375
0 0.27890625 0.21015625 0.015625 0.01875
0 0.34140625 0.290625 0.021875 0.025
0 0.46640625 0.27890625 0.02109375 0.025
0 0.703125 0.296875 0.0234375 0.025
0 0.759375 0.31875 0.0265625 0.02578125
0 0.78125 0.4234375 0.0328125 0.0296875
0 0.315625 0.40234375 0.03203125 0.034375
0 0.25625 0.42421875 0.03203125 0.03046875
0 0.19375 0.42734375 0.0171875 0.0265625
0 0.1359375 0.603125 0.02109375 0.03828125
0 0.215625 0.54375 0.0296875 0.03046875
0 0.690625 0.60546875 0.02421875 0.03984375
0 0.77265625 0.6109375 0.02890625 0.03203125
0 0.83671875 0.61171875 0.02890625 0.03125
0 0.70234375 0.8203125 0.028125 0.04296875
0 0.92578125 0.5359375 0.02109375 0.0203125
0 0.86953125 0.38671875 0.015625 0.021875
0 0.7734375 0.15546875 0.01640625 0.02109375