0 0.40390625 0.2734375 0.025 0.02109375
0 0.5296875 0.28125 0.021875 0.03046875
2 0.6625 0.38046875 0.03203125 0.05703125
2 0.72578125 0.40390625 0.03671875 0.05703125
0 0.98515625 0.753125 0.01796875 0.0453125
0 0.14296875 0.6015625 0.02421875 0.046875
0 0.19765625 0.59140625 0.02890625 0.05390625
0 0.259375 0.61875 0.0359375 0.03515625
0 0.684375 0.60625 0.03515625 0.04140625
0 0.771875 0.60703125 0.02578125 0.0296875
0 0.8375 0.61640625 0.03046875 0.034375
0 0.69765625 0.82421875 0.02578125 0.04140625
0 0.78203125 0.42890625 0.02265625 0.028125
0 0.596875 0.41015625 0.0296875 0.03125
0 0.31640625 0.40078125 0.03046875 0.03125
0 0.19375 0.428125 0.01953125 0.025
0 0.1546875 0.25546875 0.015625 0.01875
0 0.35625 0.12890625 0.01328125 0.01875
0 0.428125 0.06796875 0.01796875 0.015625
0 0.428125 0.128125 0.015625 0.0234375
0 0.48203125 0.12265625 0.01953125 0.03046875
0 0.38828125 0.13046875 0.01484375 0.02578125
0 0.59140625 0.06328125 0.01484375 0.01875
0 0.58125 0.18828125 0.02109375 0.0234375
0 0.49921875 0.19765625 0.0171875 0.03046875
0 0.28125 0.20703125 0.01640625 0.02578125
0 0.309375 0.2109375 0.02265625 0.0203125
0 0.46484375 0.27890625 0.02578125 0.025
0 0.70234375 0.29453125 0.02421875 0.025
0 0.75859375 0.31796875 0.02578125 0.028125
0 0.9296875 0.54375 0.01796875 0.02421875
0 0.86875 0.38671875 0.01640625 0.0265625
0 0.7734375 0.15390625 0.01640625 0.0203125