0 0.984375 0.75078125 0.0171875 0.03046875
0 0.18984375 0.1828125 0.01640625 0.0140625
0 0.2375 0.13046875 0.01484375 0.015625
0 0.42734375 0.06953125 0.01875 0.015625
0 0.3578125 0.13203125 0.01796875 0.01796875
0 0.38984375 0.12421875 0.015625 0.0234375
0 0.43125 0.1265625 0.0171875 0.0234375
0 0.46875 0.0609375 0.01796875 0.0140625
0 0.57265625 0.1234375 0.01953125 0.01953125
0 0.59453125 0.06328125 0.01796875 0.0203125
0 0.53671875 0.28203125 0.0234375 0.0296875
0 0.1890625 0.43046875 0.01796875 0.021875
0 0.26015625 0.421875 0.02890625 0.0265625
0 0.3125 0.40703125 0.03125 0.034375
0 0.58828125 0.35546875 0.02265625 0.03671875
0 0.7609375 0.31875 0.02421875 0.0296875
0 0.6984375 0.3 0.01953125 0.028125
0 0.728125 0.42109375 0.0265625 0.034375
0 0.7828125 0.41796875 0.03125 0.03828125
0 0.83125 0.60546875 0.02421875 0.03125
0 0.7546875 0.5890625 0.02578125 0.0484375
0 0.40234375 0.57421875 0.02109375 0.04609375
0 0.2640625 0.5953125 0.02890625 0.03125
0 0.22421875 0.51953125 0.0265625 0.03125
0 0.865625 0.38828125 0.01875 0.03125
0 0.903125 0.384375 0.0171875 0.025
0 0.75703125 0.084375 0.01484375 0.01640625