0 0.25 0.42421875 0.0234375 0.0296875
0 0.98203125 0.7546875 0.02109375 0.040625
0 0.18984375 0.18046875 0.0171875 0.01484375
0 0.23671875 0.13046875 0.0140625 0.01484375
0 0.390625 0.12578125 0.02265625 0.0203125
0 0.428125 0.06875 0.0171875 0.01171875
0 0.4390625 0.11953125 0.02109375 0.01953125
0 0.46875 0.0609375 0.0171875 0.0140625
0 0.6125 0.11875 0.01796875 0.0203125
0 0.571875 0.121875 0.01640625 0.015625
0 0.471875 0.2765625 0.0203125 0.03125
0 0.53203125 0.28046875 0.02890625 0.028125
0 0.70078125 0.29296875 0.02109375 0.01953125
0 0.6578125 0.41640625 0.01953125 0.028125
0 0.728125 0.41953125 0.0296875 0.0265625
0 0.59375 0.4109375 0.0265625 0.03359375
0 0.3140625 0.39921875 0.03203125 0.03046875
0 0.19609375 0.42421875 0.0171875 0.02109375
0 0.196875 0.51328125 0.01796875 0.03203125
0 0.26015625 0.59140625 0.02578125 0.034375
0 0.41328125 0.540625 0.02734375 0.034375
0 0.75390625 0.5890625 0.02578125 0.04375
0 0.8296875 0.60625 0.03125 0.03046875
0 0.93203125 0.54609375 0.0125 0.025
0 0.90390625 0.38203125 0.01796875 0.021875
0 0.653125 0.13125 0.01953125 0.02109375