0 0.98359375 0.75 0.0171875 0.03125
0 0.18203125 0.18203125 0.0125 0.015625
0 0.23828125 0.13046875 0.01484375 0.01484375
0 0.38671875 0.1296875 0.02109375 0.0203125
0 0.4265625 0.06875 0.01875 0.01640625
0 0.46875 0.0609375 0.01796875 0.01796875
0 0.57265625 0.1234375 0.01875 0.01875
0 0.4546875 0.28046875 0.01953125 0.0296875
0 0.52890625 0.28046875 0.02109375 0.03125
0 0.69765625 0.29765625 0.01953125 0.025
0 0.7609375 0.31796875 0.02578125 0.0265625
0 0.7828125 0.41875 0.03125 0.03515625
0 0.72890625 0.42109375 0.02578125 0.03046875
0 0.5890625 0.35546875 0.02109375 0.03671875
0 0.18828125 0.4296875 0.01796875 0.021875
0 0.259375 0.42578125 0.02734375 0.025
0 0.31328125 0.40625 0.03515625 0.034375
0 0.22890625 0.51875 0.02734375 0.03046875
0 0.26328125 0.59453125 0.03125 0.03359375
0 0.75390625 0.58828125 0.02578125 0.05
0 0.83125 0.60390625 0.02421875 0.03203125
0 0.86328125 0.3875 0.01953125 0.03046875
0 0.903125 0.3859375 0.01796875 0.0203125
0 0.83125 0.21875 0.01796875 0.0203125
0 0.76015625 0.08203125 0.015625 0.01875