0 0.25703125 0.59296875 0.02109375 0.025
0 0.41484375 0.51796875 0.0265625 0.02890625
0 0.59453125 0.40625 0.02734375 0.025
0 0.66015625 0.4171875 0.02578125 0.0265625
0 0.31015625 0.40625 0.02890625 0.0265625
0 0.2515625 0.42890625 0.021875 0.0234375
0 0.190625 0.4296875 0.0171875 0.0203125
0 0.14765625 0.23125 0.02109375 0.02890625
0 0.46328125 0.278125 0.01953125 0.02109375
0 0.53125 0.28046875 0.02890625 0.02421875
0 0.18828125 0.18046875 0.01953125 0.01640625
0 0.75546875 0.58359375 0.0296875 0.04453125
0 0.834375 0.60390625 0.0296875 0.0265625
0 0.38984375 0.1265625 0.02265625 0.021875
0 0.42734375 0.06796875 0.01328125 0.01171875
0 0.46875 0.0578125 0.01953125 0.01953125
0 0.9296875 0.54296875 0.015625 0.025
0 0.90390625 0.38046875 0.01875 0.03125
0 0.86484375 0.3890625 0.01640625 0.0234375
0 0.7296875 0.41953125 0.025 0.03203125
0 0.7609375 0.31640625 0.02265625 0.0203125
0 0.65390625 0.13125 0.01796875 0.015625
0 0.57109375 0.11875 0.01796875 0.01640625
0 0.6125 0.11875 0.0171875 0.01875
0 0.43515625 0.11875 0.015625 0.01484375