0 0.984375 0.75390625 0.015625 0.034375
0 0.75390625 0.59296875 0.02734375 0.034375
0 0.83203125 0.60625 0.025 0.02890625
0 0.92890625 0.546875 0.01796875 0.03125
0 0.90625 0.38515625 0.0171875 0.01875
0 0.72890625 0.41796875 0.02421875 0.03203125
0 0.65703125 0.41796875 0.01875 0.0265625
0 0.5953125 0.40703125 0.02578125 0.03125
0 0.76015625 0.31796875 0.02421875 0.02109375
0 0.69765625 0.28984375 0.02578125 0.021875
0 0.53125 0.28125 0.0328125 0.025
0 0.653125 0.13046875 0.02109375 0.02578125
0 0.61328125 0.11796875 0.02109375 0.01953125
0 0.5734375 0.11875 0.02265625 0.0203125
0 0.41328125 0.53515625 0.03359375 0.03125
0 0.26015625 0.59609375 0.02421875 0.03046875
0 0.1921875 0.5984375 0.02890625 0.03125
0 0.390625 0.121875 0.0203125 0.01875
0 0.43984375 0.11796875 0.0265625 0.02421875
0 0.5953125 0.06484375 0.02109375 0.02421875
0 0.46875 0.0578125 0.01796875 0.01171875
0 0.428125 0.06875 0.0171875 0.01328125
0 0.35390625 0.13125 0.02578125 0.0265625
0 0.24921875 0.42890625 0.0234375 0.02421875
0 0.27265625 0.42890625 0.02421875 0.02890625
0 0.190625 0.43046875 0.0171875 0.021875
0 0.1484375 0.23203125 0.015625 0.021875
0 0.18984375 0.18125 0.01953125 0.01796875