0 0.990625 0.74609375 0.01875 0.0359375
0 0.190625 0.18203125 0.015625 0.015625
0 0.2390625 0.13125 0.01640625 0.01640625
0 0.428125 0.0703125 0.01796875 0.01640625
0 0.38984375 0.12578125 0.02109375 0.021875
0 0.43359375 0.1203125 0.01953125 0.0203125
0 0.46875 0.0625 0.01796875 0.0140625
0 0.65390625 0.1328125 0.02109375 0.02109375
0 0.57265625 0.121875 0.01875 0.01875
0 0.471875 0.265625 0.01953125 0.02421875
0 0.528125 0.2828125 0.02265625 0.02890625
0 0.6984375 0.29921875 0.01953125 0.0265625
0 0.76171875 0.31875 0.02421875 0.02890625
0 0.7296875 0.42109375 0.02890625 0.034375
0 0.78359375 0.421875 0.028125 0.0296875
0 0.5921875 0.3578125 0.02578125 0.034375
0 0.3125 0.40859375 0.0359375 0.03671875
0 0.2609375 0.42734375 0.02890625 0.02890625
0 0.1921875 0.428125 0.01875 0.02578125
0 0.2203125 0.528125 0.02890625 0.0296875
0 0.2640625 0.59453125 0.02890625 0.03359375
0 0.421875 0.55703125 0.0265625 0.03671875
0 0.753125 0.5890625 0.0296875 0.05078125
0 0.83203125 0.6046875 0.0265625 0.0296875
0 0.86484375 0.3890625 0.01875 0.03125
0 0.9046875 0.38671875 0.01953125 0.0234375