0 0.98203125 0.753125 0.02421875 0.03671875
0 0.75390625 0.584375 0.02421875 0.04375
0 0.83125 0.60546875 0.0296875 0.02578125
0 0.93125 0.55625 0.0203125 0.0265625
0 0.784375 0.41796875 0.03046875 0.025
0 0.72890625 0.41796875 0.02578125 0.0265625
0 0.58671875 0.3546875 0.02109375 0.021875
0 0.7609375 0.31875 0.02734375 0.02578125
0 0.69765625 0.29296875 0.01953125 0.01953125
0 0.86484375 0.390625 0.01484375 0.025
0 0.90390625 0.38125 0.02265625 0.0265625
0 0.26328125 0.59375 0.034375 0.0296875
0 0.421875 0.55390625 0.03125 0.02890625
0 0.31328125 0.40546875 0.034375 0.03125
0 0.26015625 0.41875 0.02578125 0.01953125
0 0.18828125 0.4265625 0.01953125 0.0234375
0 0.52890625 0.28125 0.015625 0.01953125
0 0.46640625 0.28125 0.02109375 0.0234375
0 0.38828125 0.12265625 0.02265625 0.01953125
0 0.35625 0.13125 0.021875 0.015625
0 0.57109375 0.11796875 0.01640625 0.01953125
0 0.653125 0.13046875 0.01796875 0.01484375
0 0.43515625 0.11796875 0.01796875 0.015625
0 0.390625 0.140625 0.0171875 0.0140625
0 0.46953125 0.05625 0.01640625 0.0140625
0 0.42734375 0.06875 0.01640625 0.01328125
0 0.190625 0.18125 0.01796875 0.015625