0 0.990625 0.74296875 0.01875 0.0359375
0 0.1890625 0.18125 0.015625 0.0140625
0 0.2375 0.13046875 0.01640625 0.01484375
0 0.43515625 0.11875 0.01796875 0.02421875
0 0.428125 0.06875 0.0171875 0.015625
0 0.59453125 0.0609375 0.01796875 0.01875
0 0.57265625 0.121875 0.01796875 0.01875
0 0.64375 0.19453125 0.01328125 0.02421875
0 0.7609375 0.31875 0.025 0.0296875
0 0.69765625 0.29765625 0.02109375 0.025
0 0.5328125 0.28046875 0.02890625 0.028125
0 0.19140625 0.428125 0.02109375 0.0234375
0 0.259375 0.4265625 0.02890625 0.02578125
0 0.3125 0.40703125 0.03359375 0.034375
0 0.59140625 0.35625 0.02578125 0.034375
0 0.728125 0.4203125 0.02578125 0.03359375
0 0.784375 0.41796875 0.0296875 0.034375
0 0.83046875 0.60546875 0.0234375 0.03125
0 0.753125 0.590625 0.02890625 0.046875
0 0.42109375 0.55234375 0.02890625 0.034375
0 0.2625 0.59375 0.03046875 0.03203125
0 0.221875 0.5203125 0.02109375 0.0296875
0 0.86484375 0.3875 0.01875 0.03046875
0 0.90390625 0.38984375 0.015625 0.02421875
0 0.746875 0.06015625 0.0171875 0.01484375
0 0.75859375 0.08125 0.0140625 0.01953125