0 0.75625 0.58203125 0.0296875 0.04453125
0 0.98203125 0.75390625 0.015625 0.028125
0 0.9296875 0.5484375 0.01875 0.01953125
0 0.66015625 0.41796875 0.02421875 0.02578125
0 0.73125 0.41875 0.02421875 0.028125
0 0.784375 0.41953125 0.0296875 0.0265625
0 0.76171875 0.31875 0.01953125 0.02421875
0 0.6984375 0.29375 0.03125 0.03125
0 0.86484375 0.38828125 0.01484375 0.0265625
0 0.90390625 0.384375 0.02265625 0.01953125
0 0.653125 0.13046875 0.01953125 0.01640625
0 0.6125 0.11875 0.0171875 0.01640625
0 0.57265625 0.11796875 0.021875 0.025
0 0.41953125 0.55546875 0.03359375 0.0296875
0 0.31015625 0.409375 0.02890625 0.03125
0 0.53125 0.28046875 0.02421875 0.02421875
0 0.35703125 0.13828125 0.01796875 0.0234375
0 0.38828125 0.121875 0.02109375 0.01953125
0 0.43515625 0.11875 0.01484375 0.01484375
0 0.59453125 0.05859375 0.02109375 0.01953125
0 0.428125 0.06875 0.0171875 0.01328125
0 0.25859375 0.59296875 0.02109375 0.02578125
0 0.259375 0.4265625 0.02421875 0.0234375
0 0.190625 0.428125 0.01953125 0.0234375
0 0.190625 0.18125 0.015625 0.0140625
0 0.228125 0.159375 0.04453125 0.05625
0 0.2390625 0.1296875 0.01796875 0.01640625
0 0.46328125 0.27890625 0.01875 0.028125
0 0.46875 0.05625 0.0171875 0.0140625