0 0.98359375 0.74921875 0.0171875 0.03125
0 0.18828125 0.18046875 0.01796875 0.01875
0 0.23828125 0.13125 0.01484375 0.015625
0 0.35703125 0.13125 0.01640625 0.01953125
0 0.3875 0.12890625 0.0203125 0.01953125
0 0.4265625 0.06796875 0.01640625 0.01796875
0 0.46796875 0.05859375 0.0171875 0.01953125
0 0.5953125 0.0625 0.01953125 0.01953125
0 0.571875 0.121875 0.01796875 0.01953125
0 0.76015625 0.31796875 0.02421875 0.02890625
0 0.69765625 0.2984375 0.01953125 0.0203125
0 0.453125 0.28046875 0.01953125 0.0296875
0 0.18828125 0.43046875 0.01796875 0.0234375
0 0.26015625 0.4234375 0.02890625 0.02109375
0 0.31328125 0.40546875 0.03125 0.03046875
0 0.58984375 0.35546875 0.02265625 0.03671875
0 0.72890625 0.41953125 0.02578125 0.03046875
0 0.78359375 0.41796875 0.03046875 0.03828125
0 0.83046875 0.60546875 0.0234375 0.0296875
0 0.403125 0.59296875 0.0234375 0.05
0 0.2625 0.59375 0.03046875 0.03125
0 0.865625 0.38671875 0.01953125 0.03125
0 0.90390625 0.3859375 0.01640625 0.01875
0 0.83203125 0.21640625 0.01875 0.01875
0 0.7625 0.084375 0.0171875 0.01875
0 0.74765625 0.0609375 0.01484375 0.01640625