0 0.4 0.28046875 0.0265625 0.0265625
0 0.09296875 0.78046875 0.02265625 0.03359375
0 0.1296875 0.79453125 0.03203125 0.04921875
0 0.13515625 0.59296875 0.02265625 0.04296875
0 0.128125 0.37421875 0.02421875 0.03046875
0 0.19296875 0.4234375 0.0203125 0.03046875
0 0.2515625 0.425 0.02890625 0.03125
0 0.31484375 0.4015625 0.0328125 0.03828125
0 0.41328125 0.56796875 0.03203125 0.034375
0 0.18828125 0.18046875 0.015625 0.01875
0 0.240625 0.13046875 0.01640625 0.01796875
0 0.35390625 0.1296875 0.0125 0.01875
0 0.38828125 0.128125 0.02109375 0.01953125
0 0.43125 0.12578125 0.0140625 0.025
0 0.434375 0.06875 0.0171875 0.01640625
0 0.484375 0.115625 0.0171875 0.01796875
0 0.59765625 0.065625 0.01640625 0.015625
0 0.57265625 0.19296875 0.01796875 0.02109375
0 0.4625 0.28046875 0.0203125 0.03125
0 0.521875 0.29140625 0.0234375 0.03203125
0 0.534375 0.2765625 0.0171875 0.021875
0 0.759375 0.3171875 0.02734375 0.02890625
0 0.77890625 0.41875 0.02421875 0.03046875
2 0.72578125 0.3984375 0.034375 0.05625
0 0.59765625 0.4109375 0.02890625 0.03125
0 0.6796875 0.60546875 0.03125 0.03828125
0 0.759375 0.58671875 0.0296875 0.04375
0 0.82890625 0.60546875 0.02421875 0.03828125
0 0.9859375 0.75078125 0.01796875 0.04453125
0 0.9265625 0.540625 0.01796875 0.02421875
0 0.87265625 0.38125 0.01640625 0.0234375
0 0.76953125 0.14765625 0.015625 0.01953125