0 0.6875 0.81796875 0.03359375 0.0359375
0 0.98125 0.753125 0.01796875 0.03671875
0 0.83203125 0.60625 0.01875 0.03046875
0 0.67265625 0.6109375 0.025 0.04453125
0 0.59765625 0.58046875 0.02578125 0.04609375
0 0.928125 0.54375 0.0203125 0.0296875
0 0.9078125 0.39375 0.01875 0.02578125
0 0.865625 0.38828125 0.01796875 0.025
0 0.78203125 0.4265625 0.02734375 0.025
2 0.734375 0.39296875 0.0265625 0.06328125
2 0.659375 0.38046875 0.02734375 0.05546875
0 0.590625 0.4109375 0.02109375 0.03125
0 0.6890625 0.2859375 0.015625 0.01875
0 0.77265625 0.153125 0.01953125 0.02578125
0 0.7109375 0.196875 0.01875 0.03125
0 0.56796875 0.11875 0.0171875 0.021875
0 0.53828125 0.28046875 0.02890625 0.03359375
0 0.496875 0.196875 0.0171875 0.03046875
2 0.39140625 0.05859375 0.04765625 0.04453125
0 0.3875 0.13046875 0.0234375 0.025
2 0.35 0.11015625 0.0453125 0.05546875
0 0.2734375 0.21875 0.02265625 0.02421875
0 0.23359375 0.31484375 0.0296875 0.028125
0 0.503125 0.41796875 0.02890625 0.02578125
0 0.24921875 0.415625 0.0234375 0.01875
0 0.36640625 0.54375 0.02734375 0.04375
0 0.35078125 0.61171875 0.025 0.04453125
0 0.259375 0.6296875 0.02421875 0.0390625
0 0.13984375 0.60390625 0.01796875 0.03671875
0 0.1875 0.43125 0.0140625 0.0234375