0 0.1421875 0.3640625 0.01640625 0.03515625
0 0.4 0.28046875 0.0265625 0.0265625
0 0.0921875 0.78359375 0.03125 0.03671875
0 0.20859375 0.54375 0.0265625 0.03125
0 0.15703125 0.26875 0.0125 0.028125
0 0.18828125 0.18203125 0.01484375 0.015625
0 0.2046875 0.1390625 0.01640625 0.015625
0 0.35390625 0.13046875 0.01328125 0.01796875
0 0.4296875 0.1265625 0.01484375 0.025
0 0.4328125 0.06796875 0.01875 0.01796875
0 0.48515625 0.11484375 0.015625 0.01640625
0 0.5953125 0.06171875 0.01640625 0.01953125
0 0.56875 0.190625 0.01796875 0.021875
0 0.528125 0.2765625 0.0296875 0.02421875
0 0.4640625 0.27890625 0.01796875 0.034375
0 0.25234375 0.42265625 0.028125 0.03828125
0 0.31484375 0.40390625 0.0328125 0.03515625
0 0.596875 0.41640625 0.02734375 0.034375
2 0.725 0.40078125 0.03515625 0.05546875
0 0.78125 0.421875 0.02421875 0.0265625
0 0.76015625 0.5875 0.02578125 0.04375
0 0.67890625 0.603125 0.02890625 0.0390625
0 0.82890625 0.60390625 0.02265625 0.04609375
0 0.42265625 0.56796875 0.03359375 0.03203125
0 0.13125 0.80390625 0.0359375 0.053125
0 0.9859375 0.75 0.01796875 0.04453125
0 0.9265625 0.540625 0.02109375 0.03046875
0 0.8703125 0.3890625 0.01640625 0.025
0 0.759375 0.31171875 0.02734375 0.03125
0 0.6984375 0.2984375 0.021875 0.03125
0 0.77109375 0.146875 0.0171875 0.01875