0 0.6890625 0.81875 0.04453125 0.05
0 0.83125 0.60625 0.0171875 0.025
0 0.60078125 0.58125 0.01953125 0.0453125
0 0.98203125 0.753125 0.025 0.0390625
0 0.928125 0.54375 0.01953125 0.0203125
0 0.5890625 0.40859375 0.02109375 0.03125
2 0.65625 0.36796875 0.06640625 0.1234375
2 0.721875 0.3765625 0.06171875 0.09921875
0 0.78125 0.4265625 0.02578125 0.028125
0 0.9078125 0.39296875 0.01640625 0.01953125
0 0.86484375 0.3859375 0.01796875 0.01953125
0 0.70859375 0.203125 0.02265625 0.0203125
0 0.5734375 0.19375 0.02265625 0.01875
0 0.4125 0.58125 0.03046875 0.03046875
0 0.35390625 0.6046875 0.02734375 0.0296875
0 0.26015625 0.63125 0.02421875 0.03984375
0 0.37109375 0.37890625 0.0328125 0.03046875
0 0.2984375 0.4265625 0.03515625 0.028125
0 0.246875 0.41796875 0.0328125 0.0265625
0 0.2328125 0.3171875 0.02109375 0.02109375
0 0.271875 0.21640625 0.02109375 0.01640625
0 0.446875 0.19765625 0.0296875 0.01953125
0 0.1453125 0.5984375 0.01796875 0.034375
0 0.1875 0.42421875 0.02265625 0.03125
0 0.46796875 0.06328125 0.01796875 0.0140625
2 0.35234375 0.10859375 0.0421875 0.05546875
0 0.38515625 0.13046875 0.02109375 0.01640625
0 0.56875 0.11875 0.01328125 0.021875