0 0.646875 0.20546875 0.01640625 0.021875
0 0.5234375 0.28828125 0.01875 0.03046875
0 0.09375 0.79140625 0.02890625 0.04609375
0 0.134375 0.80390625 0.03125 0.05546875
0 0.1390625 0.59296875 0.02109375 0.03515625
0 0.128125 0.3734375 0.0234375 0.03046875
0 0.1921875 0.425 0.01953125 0.03125
0 0.25234375 0.42578125 0.02734375 0.03046875
0 0.31328125 0.40078125 0.03359375 0.03671875
0 0.18828125 0.18046875 0.01953125 0.01953125
0 0.2046875 0.13671875 0.01640625 0.01875
0 0.35390625 0.1296875 0.01328125 0.01640625
0 0.38828125 0.12890625 0.02109375 0.01875
0 0.4296875 0.1234375 0.01640625 0.0296875
0 0.434375 0.06875 0.01875 0.01640625
0 0.48515625 0.11328125 0.01640625 0.01875
0 0.4671875 0.0609375 0.01796875 0.01640625
0 0.59765625 0.0640625 0.01640625 0.015625
0 0.57265625 0.19296875 0.01875 0.021875
0 0.40078125 0.25859375 0.01796875 0.0265625
0 0.53515625 0.278125 0.01796875 0.025
0 0.70390625 0.30390625 0.01796875 0.0296875
0 0.76015625 0.3078125 0.02265625 0.034375
2 0.725 0.40234375 0.03515625 0.06015625
0 0.596875 0.4125 0.03125 0.03046875
0 0.41328125 0.56796875 0.02890625 0.034375
0 0.68125 0.6046875 0.0296875 0.040625
0 0.76171875 0.58671875 0.02734375 0.053125
0 0.8296875 0.60546875 0.02578125 0.03828125
0 0.98515625 0.75390625 0.01796875 0.04296875
0 0.92578125 0.540625 0.01953125 0.025
0 0.771875 0.15 0.01796875 0.01875