0 0.4 0.28046875 0.0265625 0.0265625
0 0.53515625 0.28046875 0.01875 0.0234375
0 0.09375 0.7921875 0.02578125 0.034375
0 0.12578125 0.79375 0.02421875 0.04296875
0 0.13515625 0.59296875 0.02421875 0.03828125
0 0.128125 0.375 0.0234375 0.03125
0 0.2046875 0.13671875 0.01484375 0.01875
0 0.23828125 0.12890625 0.01796875 0.01484375
0 0.35625 0.13046875 0.01484375 0.01640625
0 0.434375 0.06796875 0.0171875 0.015625
0 0.4296875 0.1234375 0.01484375 0.03046875
0 0.59765625 0.065625 0.01796875 0.01640625
0 0.70625 0.2015625 0.0234375 0.025
0 0.57265625 0.19296875 0.01796875 0.02109375
0 0.52265625 0.29140625 0.02109375 0.03125
0 0.4609375 0.28125 0.021875 0.03046875
0 0.19375 0.42421875 0.01953125 0.03046875
0 0.25234375 0.42421875 0.02734375 0.03046875
0 0.315625 0.403125 0.0328125 0.034375
0 0.59765625 0.4140625 0.02734375 0.03671875
0 0.7578125 0.31796875 0.02578125 0.0296875
0 0.78125 0.421875 0.0234375 0.03125
2 0.725 0.39921875 0.03359375 0.05625
0 0.83046875 0.60546875 0.02890625 0.04453125
0 0.7625 0.5859375 0.0296875 0.0453125
0 0.68046875 0.60546875 0.0296875 0.03671875
0 0.41328125 0.56875 0.03046875 0.03671875
0 0.98515625 0.75390625 0.01640625 0.0390625
0 0.92578125 0.540625 0.02109375 0.02421875
0 0.86640625 0.38828125 0.01796875 0.03125
0 0.76953125 0.14765625 0.015625 0.01953125