0 0.14375 0.36796875 0.01953125 0.03125
0 0.40546875 0.27734375 0.0265625 0.0265625
0 0.13125 0.80546875 0.03828125 0.05390625
0 0.2046875 0.1375 0.01484375 0.01953125
0 0.35703125 0.1296875 0.0125 0.01875
0 0.390625 0.12578125 0.01796875 0.01953125
0 0.434375 0.06796875 0.0171875 0.015625
0 0.48515625 0.1125 0.01796875 0.01953125
0 0.4296875 0.12578125 0.01328125 0.025
0 0.5953125 0.0609375 0.015625 0.01953125
0 0.66015625 0.13046875 0.01796875 0.01875
0 0.7046875 0.2015625 0.021875 0.02578125
0 0.5734375 0.1875 0.02421875 0.01953125
0 0.53203125 0.28046875 0.03203125 0.03125
0 0.46328125 0.28046875 0.02109375 0.03125
0 0.19140625 0.428125 0.01875 0.0265625
0 0.253125 0.4234375 0.02421875 0.03203125
0 0.31484375 0.403125 0.0328125 0.03203125
0 0.596875 0.4125 0.03203125 0.03046875
2 0.725 0.403125 0.03515625 0.05703125
0 0.78125 0.42421875 0.0234375 0.03125
0 0.7609375 0.58359375 0.02578125 0.0515625
0 0.8359375 0.60078125 0.02421875 0.03125
0 0.6796875 0.60390625 0.03046875 0.0359375
0 0.42890625 0.571875 0.021875 0.03125
0 0.33125 0.56796875 0.02265625 0.0265625
0 0.9859375 0.753125 0.01796875 0.04296875
0 0.92578125 0.5390625 0.02109375 0.0265625
0 0.86640625 0.3875 0.02265625 0.03046875
0 0.7 0.30078125 0.0203125 0.03046875
0 0.76015625 0.31484375 0.025 0.028125
0 0.7703125 0.14453125 0.01640625 0.01953125