0 0.68515625 0.81875 0.04296875 0.040625
0 0.928125 0.54296875 0.01796875 0.02109375
0 0.83046875 0.60546875 0.01796875 0.02421875
2 0.76953125 0.58125 0.03046875 0.06171875
0 0.67265625 0.60625 0.02890625 0.04921875
0 0.98203125 0.7546875 0.0125 0.03125
0 0.86328125 0.384375 0.021875 0.01875
0 0.9078125 0.39296875 0.01953125 0.01953125
0 0.77890625 0.42265625 0.03125 0.01953125
2 0.734375 0.39140625 0.02890625 0.0640625
2 0.65859375 0.38125 0.02890625 0.05625
0 0.590625 0.41328125 0.0234375 0.03671875
0 0.684375 0.28046875 0.02109375 0.01640625
0 0.5328125 0.28046875 0.02109375 0.02421875
0 0.709375 0.1984375 0.01953125 0.03125
0 0.49765625 0.19296875 0.01796875 0.02890625
0 0.4453125 0.196875 0.02578125 0.01953125
2 0.35078125 0.10703125 0.040625 0.05546875
0 0.26953125 0.21796875 0.02421875 0.01875
0 0.403125 0.290625 0.03359375 0.03125
0 0.496875 0.4125 0.0296875 0.03046875
0 0.3765625 0.4171875 0.03515625 0.025
0 0.3015625 0.4140625 0.03046875 0.02890625
0 0.25703125 0.6296875 0.028125 0.04609375
0 0.35390625 0.609375 0.02734375 0.03125
0 0.13671875 0.6046875 0.0203125 0.03125
0 0.18828125 0.4296875 0.021875 0.02421875
0 0.24453125 0.41875 0.02265625 0.02421875
0 0.234375 0.315625 0.02421875 0.02109375
0 0.2125 0.1859375 0.0140625 0.01953125
0 0.46640625 0.059375 0.01640625 0.00546875