0 0.646875 0.20390625 0.0140625 0.025
0 0.4 0.28046875 0.0265625 0.0265625
0 0.13203125 0.803125 0.03359375 0.05078125
0 0.09453125 0.78125 0.02890625 0.0359375
0 0.1390625 0.59375 0.01953125 0.03359375
0 0.1296875 0.36875 0.021875 0.02421875
0 0.18984375 0.18125 0.0171875 0.01796875
0 0.35390625 0.13125 0.01484375 0.015625
0 0.38828125 0.12421875 0.01875 0.01875
0 0.4296875 0.1265625 0.01484375 0.02421875
0 0.484375 0.11484375 0.0171875 0.01640625
0 0.59765625 0.0625 0.01640625 0.01953125
0 0.575 0.19296875 0.0265625 0.021875
0 0.46328125 0.2796875 0.02109375 0.0390625
0 0.52890625 0.27734375 0.03046875 0.0265625
0 0.69765625 0.29765625 0.02421875 0.03046875
0 0.76015625 0.315625 0.02734375 0.028125
0 0.78046875 0.42265625 0.02421875 0.03046875
2 0.725 0.4015625 0.0359375 0.059375
0 0.596875 0.4125 0.028125 0.03046875
0 0.31484375 0.40234375 0.03359375 0.03828125
0 0.253125 0.42421875 0.02578125 0.03046875
0 0.19140625 0.4296875 0.01953125 0.0296875
0 0.6796875 0.6046875 0.03203125 0.0390625
0 0.7609375 0.584375 0.02734375 0.05625
0 0.828125 0.60546875 0.02421875 0.0453125
0 0.98515625 0.75 0.01640625 0.04453125
0 0.92578125 0.5390625 0.021875 0.0265625