0 0.08828125 0.79296875 0.01953125 0.0359375
0 0.1125 0.79375 0.02109375 0.0390625
0 0.690625 0.81640625 0.0390625 0.04453125
0 0.8296875 0.6125 0.02265625 0.04375
0 0.75625 0.59140625 0.02734375 0.04296875
0 0.6796875 0.60546875 0.02578125 0.034375
0 0.4234375 0.578125 0.02734375 0.03828125
0 0.19140625 0.428125 0.01796875 0.0234375
0 0.25625 0.425 0.02734375 0.01875
0 0.31484375 0.403125 0.0328125 0.0265625
0 0.59609375 0.409375 0.02421875 0.03125
2 0.725 0.4015625 0.03515625 0.04921875
0 0.78125 0.415625 0.01953125 0.0265625
0 0.75859375 0.31171875 0.0234375 0.0203125
0 0.69765625 0.2984375 0.02109375 0.02109375
0 0.5265625 0.28125 0.01953125 0.0265625
0 0.4625 0.28125 0.0171875 0.025
0 0.40546875 0.27734375 0.0265625 0.025
0 0.57265625 0.190625 0.02109375 0.01796875
0 0.66015625 0.196875 0.01484375 0.01875
0 0.70234375 0.20546875 0.01640625 0.01875
0 0.48203125 0.11015625 0.02109375 0.01875
0 0.4296875 0.12421875 0.0125 0.01875
2 0.44375 0.10625 0.01953125 0.03046875
0 0.390625 0.125 0.01640625 0.01875
0 0.35703125 0.13125 0.01484375 0.01953125
0 0.4328125 0.06875 0.01640625 0.0109375
0 0.5328125 0.059375 0.01015625 0.01328125
0 0.59765625 0.065625 0.01171875 0.01328125
0 0.76953125 0.14609375 0.01484375 0.01953125
0 0.86640625 0.384375 0.01953125 0.01875
0 0.92734375 0.5390625 0.01796875 0.02109375
0 0.984375 0.7515625 0.01484375 0.0359375
0 0.12578125 0.3671875 0.01953125 0.02109375
0 0.20546875 0.13828125 0.0140625 0.01171875
0 0.27109375 0.090625 0.0171875 0.0140625
0 0.303125 0.0484375 0.01015625 0.00703125