0 0.40625 0.27734375 0.0265625 0.0265625
0 0.75625 0.59296875 0.03203125 0.0453125
0 0.0875 0.79375 0.02265625 0.03984375
0 0.1265625 0.79765625 0.02421875 0.04375
0 0.13515625 0.6046875 0.02109375 0.0390625
0 0.4234375 0.56875 0.028125 0.0296875
0 0.12578125 0.3703125 0.02421875 0.02578125
0 0.20390625 0.1390625 0.015625 0.01484375
0 0.3 0.0515625 0.01171875 0.01328125
0 0.3578125 0.13046875 0.01328125 0.01796875
0 0.38984375 0.1265625 0.01953125 0.01953125
0 0.4296875 0.1265625 0.01328125 0.02578125
0 0.4328125 0.06953125 0.01796875 0.01875
0 0.48125 0.1140625 0.01953125 0.02421875
0 0.5953125 0.06328125 0.01484375 0.01875
0 0.571875 0.18984375 0.02109375 0.0203125
0 0.70625 0.203125 0.0234375 0.02421875
0 0.6609375 0.20390625 0.01796875 0.02109375
0 0.7 0.30390625 0.0203125 0.028125
0 0.759375 0.315625 0.02421875 0.02890625
0 0.5328125 0.284375 0.03046875 0.0359375
0 0.46328125 0.28046875 0.01953125 0.03828125
0 0.19140625 0.428125 0.01953125 0.02890625
0 0.25234375 0.41953125 0.02578125 0.03515625
0 0.3140625 0.4015625 0.03359375 0.03125
0 0.59765625 0.41484375 0.02890625 0.03515625
2 0.725 0.403125 0.0359375 0.059375
0 0.834375 0.60234375 0.02109375 0.0265625
0 0.6796875 0.60390625 0.03046875 0.0359375
0 0.69375 0.84140625 0.0265625 0.059375
0 0.98515625 0.7515625 0.01875 0.04375
0 0.9265625 0.53828125 0.02109375 0.021875
0 0.7796875 0.4203125 0.02421875 0.028125
0 0.8671875 0.38671875 0.02421875 0.01953125
0 0.7703125 0.14765625 0.015625 0.01953125