0 0.40625 0.27734375 0.0265625 0.0265625
0 0.0875 0.80078125 0.02578125 0.0484375
0 0.11171875 0.79296875 0.02734375 0.03828125
0 0.1203125 0.37890625 0.02109375 0.021875
0 0.190625 0.18203125 0.01640625 0.0140625
0 0.20546875 0.1390625 0.01484375 0.01484375
0 0.2375 0.13125 0.01484375 0.0140625
0 0.35703125 0.13046875 0.01484375 0.01796875
0 0.390625 0.12578125 0.0171875 0.01953125
0 0.4296875 0.1265625 0.01328125 0.0234375
0 0.434375 0.06796875 0.01640625 0.01796875
0 0.48515625 0.11171875 0.015625 0.01875
0 0.54453125 0.05546875 0.01640625 0.01796875
0 0.5953125 0.0609375 0.01640625 0.01875
0 0.66015625 0.203125 0.01796875 0.021875
0 0.7046875 0.2015625 0.025 0.02421875
0 0.575 0.19296875 0.02109375 0.0234375
0 0.4625 0.28046875 0.02109375 0.03359375
0 0.5328125 0.28203125 0.02890625 0.03515625
0 0.69921875 0.29921875 0.02109375 0.03046875
0 0.759375 0.3140625 0.02578125 0.028125
0 0.78203125 0.41796875 0.02265625 0.03046875
2 0.725 0.40390625 0.0359375 0.0609375
0 0.59765625 0.41484375 0.03046875 0.03359375
0 0.3140625 0.403125 0.03515625 0.03359375
0 0.190625 0.428125 0.01953125 0.0265625
0 0.34375 0.56875 0.0296875 0.03125
0 0.425 0.5703125 0.02890625 0.0296875
0 0.7625 0.5875 0.03203125 0.03203125
0 0.83515625 0.603125 0.021875 0.0296875
0 0.9859375 0.75 0.01796875 0.04453125
0 0.9265625 0.53828125 0.02109375 0.02578125
0 0.8671875 0.38203125 0.021875 0.02578125
0 0.77109375 0.146875 0.01796875 0.01953125