0 0.09140625 0.803125 0.02109375 0.03046875
0 0.11640625 0.79296875 0.021875 0.034375
0 0.690625 0.815625 0.04140625 0.0453125
0 0.83125 0.60390625 0.01953125 0.02578125
0 0.67890625 0.60546875 0.02734375 0.03515625
0 0.41484375 0.56953125 0.0265625 0.0296875
0 0.13515625 0.60390625 0.01796875 0.03359375
0 0.19140625 0.428125 0.01640625 0.0234375
0 0.25703125 0.421875 0.028125 0.02421875
0 0.3140625 0.39921875 0.03125 0.028125
0 0.59765625 0.4109375 0.025 0.03046875
2 0.725 0.396875 0.03515625 0.04453125
0 0.78046875 0.41796875 0.0203125 0.02578125
0 0.75859375 0.31328125 0.0234375 0.0265625
0 0.70234375 0.20625 0.0171875 0.01796875
0 0.66015625 0.19375 0.028125 0.01796875
0 0.5734375 0.1890625 0.02109375 0.01875
0 0.40703125 0.27734375 0.025 0.02109375
0 0.4625 0.28046875 0.0171875 0.02578125
0 0.53203125 0.28203125 0.02890625 0.0359375
0 0.53515625 0.059375 0.009375 0.01484375
0 0.59765625 0.06484375 0.01171875 0.01484375
0 0.465625 0.05859375 0.01640625 0.01015625
0 0.48203125 0.11171875 0.01875 0.01640625
0 0.4296875 0.12421875 0.01328125 0.0203125
2 0.44375 0.1046875 0.01953125 0.0296875
0 0.43203125 0.06875 0.01640625 0.01328125
0 0.390625 0.1265625 0.0171875 0.01484375
0 0.35703125 0.13203125 0.01484375 0.01875
0 0.76953125 0.14609375 0.015625 0.01484375
0 0.903125 0.3953125 0.01796875 0.02421875
0 0.86875 0.38515625 0.0140625 0.01875
0 0.92578125 0.5375 0.01875 0.01953125
0 0.98515625 0.75078125 0.01484375 0.03671875
0 0.153125 0.27578125 0.01953125 0.01875
0 0.2703125 0.090625 0.01796875 0.0140625
0 0.296875 0.046875 0.00703125 0.0109375