2 0.73515625 0.39296875 0.03125 0.0640625
2 0.659375 0.38046875 0.03046875 0.05546875
0 0.98203125 0.7484375 0.01640625 0.03046875
0 0.2703125 0.08671875 0.01484375 0.01875
0 0.38828125 0.12890625 0.01875 0.02109375
0 0.66328125 0.18515625 0.01796875 0.01875
0 0.44765625 0.1953125 0.02265625 0.02421875
0 0.38671875 0.2046875 0.0171875 0.02578125
0 0.303125 0.2078125 0.01640625 0.025
0 0.23203125 0.31484375 0.02265625 0.021875
0 0.34140625 0.2921875 0.02109375 0.0265625
0 0.409375 0.2859375 0.01796875 0.02890625
0 0.528125 0.28046875 0.0203125 0.03125
0 0.634375 0.29296875 0.02578125 0.025
0 0.703125 0.29140625 0.025 0.040625
0 0.75625 0.31796875 0.02421875 0.0265625
0 0.77890625 0.42109375 0.02421875 0.03046875
0 0.590625 0.41328125 0.0234375 0.03671875
0 0.30703125 0.41796875 0.03359375 0.034375
0 0.246875 0.41640625 0.025 0.028125
0 0.18828125 0.428125 0.021875 0.03046875
0 0.25703125 0.60625 0.02578125 0.0453125
0 0.371875 0.5890625 0.02421875 0.02578125
0 0.425 0.58125 0.0296875 0.03203125
0 0.59140625 0.58125 0.03125 0.03515625
0 0.67578125 0.6046875 0.025 0.06328125
0 0.83125 0.60625 0.02109375 0.03125
0 0.69765625 0.8109375 0.04296875 0.04453125
0 0.92578125 0.5484375 0.02421875 0.03046875
0 0.86796875 0.39140625 0.0171875 0.03046875