2 0.73515625 0.39296875 0.03125 0.0640625
2 0.659375 0.38203125 0.03046875 0.05546875
0 0.98203125 0.7484375 0.01640625 0.03046875
2 0.3921875 0.0640625 0.01953125 0.0265625
2 0.34140625 0.128125 0.01953125 0.03515625
0 0.44765625 0.19609375 0.025 0.02421875
0 0.346875 0.203125 0.0171875 0.0234375
0 0.30546875 0.2109375 0.0203125 0.01953125
0 0.33828125 0.29140625 0.02265625 0.02578125
0 0.41015625 0.284375 0.02109375 0.02421875
0 0.528125 0.28359375 0.02109375 0.03125
0 0.621875 0.27890625 0.0171875 0.0234375
0 0.69375 0.27890625 0.02265625 0.02578125
0 0.75625 0.31796875 0.02578125 0.0265625
0 0.77890625 0.421875 0.02265625 0.03046875
0 0.590625 0.415625 0.02265625 0.0359375
0 0.30703125 0.41875 0.03515625 0.03359375
0 0.24609375 0.415625 0.0265625 0.0296875
0 0.18828125 0.4265625 0.02265625 0.03046875
0 0.13515625 0.60625 0.01953125 0.03984375
0 0.3484375 0.6171875 0.028125 0.04140625
0 0.425 0.58125 0.02890625 0.034375
0 0.59453125 0.58359375 0.03515625 0.03671875
0 0.83203125 0.60546875 0.02265625 0.03125
0 0.67578125 0.79609375 0.025 0.0484375
0 0.92734375 0.540625 0.01796875 0.02578125
0 0.86796875 0.38984375 0.01640625 0.0296875