2 0.73515625 0.39296875 0.03125 0.0640625
2 0.659375 0.38046875 0.03046875 0.05546875
0 0.98984375 0.7484375 0.0203125 0.03125
0 0.26953125 0.0890625 0.01484375 0.01484375
0 0.3609375 0.1359375 0.01328125 0.01953125
0 0.38828125 0.128125 0.01796875 0.0203125
0 0.478125 0.11640625 0.0171875 0.01953125
0 0.52890625 0.11796875 0.01953125 0.01953125
0 0.571875 0.19296875 0.0203125 0.021875
0 0.61640625 0.18046875 0.01640625 0.0203125
0 0.66328125 0.18828125 0.015625 0.01875
0 0.70859375 0.20546875 0.01796875 0.02421875
0 0.44765625 0.19375 0.02578125 0.028125
0 0.2796875 0.2921875 0.021875 0.02890625
0 0.34140625 0.290625 0.021875 0.0296875
0 0.409375 0.2859375 0.0203125 0.02109375
0 0.47421875 0.27890625 0.0171875 0.02578125
0 0.52734375 0.27890625 0.02109375 0.03984375
0 0.63515625 0.29296875 0.02734375 0.0265625
0 0.69453125 0.28203125 0.02109375 0.0234375
0 0.7609375 0.31875 0.03046875 0.0265625
0 0.78046875 0.41875 0.0203125 0.03046875
0 0.590625 0.41484375 0.02578125 0.03515625
0 0.30703125 0.41640625 0.034375 0.03359375
0 0.24609375 0.415625 0.02578125 0.028125
0 0.18828125 0.42890625 0.02265625 0.02890625
0 0.13671875 0.60546875 0.02109375 0.03515625
0 0.2578125 0.60703125 0.02421875 0.04140625
0 0.35 0.60390625 0.03046875 0.0296875
0 0.42578125 0.58046875 0.02890625 0.03125
0 0.59296875 0.58125 0.0296875 0.03671875
0 0.6734375 0.60546875 0.02734375 0.05703125
0 0.83125 0.6078125 0.02109375 0.02890625
0 0.828125 0.28125 0.0171875 0.021875
2 0.7375 0.06796875 0.0140625 0.02421875