2 0.73515625 0.39296875 0.03125 0.0640625
2 0.659375 0.38203125 0.03046875 0.05546875
0 0.98125 0.74921875 0.01640625 0.034375
0 0.26953125 0.0890625 0.01484375 0.015625
0 0.38828125 0.12890625 0.01953125 0.01875
0 0.525 0.12109375 0.01796875 0.02578125
0 0.44765625 0.19453125 0.02421875 0.025
0 0.38515625 0.20625 0.01953125 0.0234375
0 0.303125 0.2078125 0.01640625 0.025
0 0.26875 0.21875 0.01953125 0.01875
0 0.23125 0.31640625 0.02109375 0.0265625
0 0.34375 0.29140625 0.02109375 0.0265625
0 0.409375 0.28671875 0.0203125 0.0265625
0 0.46640625 0.278125 0.03125 0.0265625
0 0.52890625 0.28203125 0.01796875 0.03125
0 0.63671875 0.29453125 0.0234375 0.025
0 0.69453125 0.28046875 0.02109375 0.02578125
0 0.75625 0.31875 0.02421875 0.02890625
0 0.78046875 0.425 0.02109375 0.03125
0 0.58984375 0.41328125 0.0203125 0.03828125
0 0.30703125 0.4171875 0.03359375 0.034375
0 0.24765625 0.415625 0.02265625 0.0265625
0 0.18828125 0.428125 0.02421875 0.03046875
0 0.25703125 0.60625 0.02578125 0.0453125
0 0.35078125 0.6046875 0.03046875 0.03359375
0 0.425 0.58125 0.02734375 0.03203125
0 0.596875 0.58671875 0.02578125 0.0296875
0 0.67421875 0.60390625 0.02578125 0.06015625
0 0.83203125 0.60703125 0.021875 0.03203125
0 0.64453125 0.803125 0.034375 0.06328125
0 0.928125 0.546875 0.02109375 0.02578125
0 0.86875 0.390625 0.0171875 0.03125