2 0.73515625 0.39296875 0.03125 0.0640625
2 0.659375 0.38046875 0.03046875 0.05546875
0 0.98203125 0.7515625 0.01640625 0.03046875
2 0.3921875 0.0640625 0.01875 0.02109375
2 0.3390625 0.11875 0.02109375 0.03515625
0 0.52578125 0.12890625 0.01796875 0.021875
2 0.5671875 0.09296875 0.02109375 0.03671875
0 0.575 0.19453125 0.01953125 0.02109375
0 0.44765625 0.1984375 0.02578125 0.0296875
0 0.3875 0.20546875 0.0203125 0.025
0 0.303125 0.2109375 0.0171875 0.0203125
0 0.228125 0.31953125 0.01796875 0.02421875
0 0.28359375 0.30625 0.02421875 0.034375
0 0.34375 0.28984375 0.02265625 0.02578125
0 0.409375 0.2859375 0.01796875 0.0203125
0 0.52890625 0.28125 0.01953125 0.03046875
0 0.62421875 0.27421875 0.01953125 0.03046875
0 0.69765625 0.28046875 0.021875 0.028125
0 0.75703125 0.31875 0.025 0.028125
0 0.83125 0.60625 0.02109375 0.03203125
0 0.6 0.5875 0.0234375 0.03046875
0 0.425 0.58125 0.02734375 0.034375
0 0.3484375 0.60625 0.03046875 0.02890625
0 0.25859375 0.59921875 0.02109375 0.05625
0 0.678125 0.7953125 0.0296875 0.0515625
0 0.9265625 0.540625 0.02109375 0.02578125
0 0.86875 0.38828125 0.0171875 0.03046875
0 0.778125 0.42109375 0.02578125 0.03046875
0 0.590625 0.41640625 0.0234375 0.03828125
0 0.30703125 0.41796875 0.034375 0.0359375
0 0.24453125 0.41328125 0.02734375 0.03046875
0 0.18828125 0.42890625 0.02421875 0.03046875