2 0.73515625 0.39296875 0.03125 0.0640625
2 0.659375 0.38359375 0.03046875 0.05546875
0 0.99140625 0.7453125 0.01640625 0.0390625
0 0.26953125 0.0890625 0.01328125 0.01484375
0 0.52890625 0.11796875 0.01953125 0.02109375
0 0.70703125 0.20546875 0.01796875 0.021875
0 0.66328125 0.18671875 0.015625 0.01953125
0 0.571875 0.1859375 0.01875 0.0203125
0 0.44765625 0.19375 0.025 0.0265625
0 0.38515625 0.20546875 0.01953125 0.0234375
0 0.30390625 0.2109375 0.01796875 0.01875
0 0.27890625 0.29375 0.01796875 0.028125
0 0.34140625 0.290625 0.02109375 0.02578125
0 0.41015625 0.28515625 0.02109375 0.0203125
0 0.52890625 0.28359375 0.01875 0.03125
0 0.63515625 0.29296875 0.02578125 0.025
0 0.69375 0.28046875 0.0234375 0.02421875
0 0.75859375 0.31875 0.02578125 0.028125
0 0.77890625 0.41875 0.021875 0.03359375
0 0.590625 0.4140625 0.0234375 0.034375
0 0.30859375 0.41796875 0.03359375 0.034375
0 0.246875 0.41640625 0.0234375 0.028125
0 0.18828125 0.42890625 0.02265625 0.03125
0 0.1359375 0.60625 0.02109375 0.03984375
0 0.25703125 0.60390625 0.02421875 0.0515625
0 0.34921875 0.60625 0.03046875 0.03203125
0 0.425 0.58046875 0.0265625 0.03203125
0 0.59375 0.58125 0.03046875 0.03828125
0 0.671875 0.603125 0.02734375 0.0640625
0 0.83125 0.60859375 0.02109375 0.03125