2 0.73515625 0.39296875 0.03125 0.0640625
2 0.659375 0.38046875 0.03046875 0.05546875
0 0.2703125 0.0890625 0.01328125 0.0140625
0 0.38828125 0.128125 0.01875 0.0203125
0 0.52890625 0.11875 0.02109375 0.01875
0 0.7078125 0.20546875 0.01796875 0.021875
0 0.66328125 0.1875 0.01640625 0.01953125
0 0.56796875 0.18671875 0.02109375 0.0203125
0 0.44765625 0.1953125 0.02578125 0.02578125
0 0.38671875 0.20546875 0.02109375 0.021875
0 0.30390625 0.21015625 0.01796875 0.021875
0 0.27890625 0.2921875 0.02421875 0.0265625
0 0.34140625 0.29140625 0.02109375 0.028125
0 0.528125 0.28359375 0.01953125 0.03125
0 0.634375 0.29296875 0.02578125 0.0234375
0 0.69453125 0.28125 0.02421875 0.0234375
0 0.78125 0.4234375 0.0203125 0.03046875
0 0.590625 0.41484375 0.02265625 0.03515625
0 0.30703125 0.4171875 0.03125 0.03203125
0 0.2453125 0.4140625 0.02578125 0.03046875
0 0.25703125 0.60625 0.02578125 0.04375
0 0.35078125 0.60390625 0.02890625 0.03125
0 0.42421875 0.58046875 0.0265625 0.03203125
0 0.59765625 0.5875 0.02265625 0.03046875
0 0.67421875 0.60546875 0.0265625 0.0609375
0 0.83203125 0.60703125 0.021875 0.03046875
2 0.73203125 0.06953125 0.0125 0.02421875