2 0.73515625 0.39296875 0.03125 0.0640625
2 0.659375 0.38046875 0.03046875 0.05546875
0 0.98203125 0.75078125 0.01640625 0.03125
2 0.39140625 0.0609375 0.01796875 0.01953125
2 0.33828125 0.11875 0.02109375 0.03515625
0 0.38828125 0.1296875 0.02109375 0.01875
0 0.46796875 0.0640625 0.01796875 0.01328125
0 0.38515625 0.20546875 0.01953125 0.02421875
0 0.30390625 0.20859375 0.01796875 0.021875
0 0.2328125 0.31875 0.01796875 0.021875
0 0.34140625 0.2921875 0.021875 0.025
0 0.409375 0.2828125 0.02109375 0.025
0 0.528125 0.28125 0.01953125 0.03203125
0 0.63515625 0.29375 0.025 0.02421875
0 0.75703125 0.31796875 0.025 0.02890625
0 0.778125 0.42265625 0.0234375 0.03046875
0 0.590625 0.41328125 0.02109375 0.03828125
0 0.30703125 0.41796875 0.03203125 0.03359375
0 0.24453125 0.41640625 0.02734375 0.02578125
0 0.18828125 0.428125 0.02265625 0.03203125
0 0.13515625 0.60546875 0.021875 0.040625
0 0.26015625 0.59921875 0.02265625 0.05625
0 0.35 0.6046875 0.03203125 0.03125
0 0.425 0.5796875 0.02734375 0.03359375
0 0.596875 0.5875 0.02578125 0.03046875
0 0.67265625 0.60546875 0.02734375 0.05703125
0 0.83125 0.60625 0.02265625 0.03203125
0 0.69453125 0.81953125 0.03359375 0.04296875
0 0.92578125 0.540625 0.01875 0.02421875
0 0.86875 0.38828125 0.0171875 0.03125