2 0.73515625 0.39296875 0.03125 0.0640625
2 0.659375 0.38046875 0.03046875 0.05546875
0 0.98203125 0.75546875 0.01640625 0.03125
2 0.33828125 0.11796875 0.02109375 0.034375
0 0.52578125 0.13046875 0.015625 0.021875
0 0.44765625 0.19375 0.02578125 0.021875
0 0.38515625 0.2046875 0.01953125 0.02578125
0 0.303125 0.20625 0.01953125 0.025
0 0.228125 0.31796875 0.0203125 0.0265625
0 0.34296875 0.29140625 0.02109375 0.02578125
0 0.409375 0.28515625 0.01953125 0.01875
0 0.46953125 0.28046875 0.02578125 0.02421875
0 0.528125 0.28125 0.01953125 0.03125
0 0.634375 0.29296875 0.0265625 0.025
0 0.75703125 0.31875 0.02578125 0.028125
0 0.77890625 0.421875 0.02421875 0.03046875
0 0.83203125 0.60625 0.021875 0.03046875
0 0.675 0.60234375 0.0265625 0.06171875
0 0.590625 0.58125 0.03359375 0.03828125
0 0.42421875 0.58046875 0.0265625 0.03203125
0 0.39453125 0.59140625 0.025 0.03203125
0 0.26015625 0.59921875 0.02109375 0.05546875
0 0.13671875 0.60625 0.0203125 0.03828125
0 0.69453125 0.81796875 0.0375 0.04375
0 0.58984375 0.4109375 0.0203125 0.03046875
0 0.48828125 0.41640625 0.02421875 0.0484375
0 0.30703125 0.41796875 0.0375 0.03515625
0 0.24765625 0.41640625 0.021875 0.02578125
0 0.18828125 0.428125 0.02421875 0.03203125
0 0.9265625 0.54140625 0.01796875 0.025
0 0.86875 0.38984375 0.0171875 0.0296875