2 0.73515625 0.39296875 0.03125 0.0640625
2 0.659375 0.38125 0.03046875 0.05546875
0 0.98203125 0.753125 0.01640625 0.03203125
2 0.390625 0.0640625 0.0171875 0.02578125
2 0.3375 0.11953125 0.01796875 0.034375
0 0.4765625 0.11796875 0.01953125 0.01953125
0 0.38671875 0.20546875 0.0171875 0.02578125
0 0.346875 0.203125 0.0171875 0.02578125
0 0.30078125 0.21328125 0.02265625 0.0234375
0 0.2703125 0.21875 0.01953125 0.02109375
0 0.23515625 0.315625 0.021875 0.028125
0 0.33828125 0.29140625 0.025 0.025
0 0.41015625 0.2859375 0.02109375 0.0203125
0 0.52890625 0.284375 0.01796875 0.03046875
0 0.621875 0.28046875 0.02265625 0.0265625
0 0.6921875 0.2734375 0.02421875 0.0296875
0 0.75625 0.31953125 0.02421875 0.02421875
0 0.77890625 0.41875 0.02421875 0.034375
0 0.590625 0.41484375 0.02265625 0.03515625
0 0.30703125 0.41875 0.03046875 0.03125
0 0.24765625 0.4171875 0.02265625 0.0265625
0 0.18828125 0.42890625 0.02265625 0.03046875
0 0.1375 0.60625 0.0203125 0.03828125
0 0.26484375 0.63125 0.0234375 0.04921875
0 0.40625 0.57578125 0.02890625 0.0390625
0 0.621875 0.58046875 0.02109375 0.03515625
0 0.83125 0.60625 0.02265625 0.03125
0 0.684375 0.81875 0.0359375 0.0453125
0 0.92578125 0.540625 0.01953125 0.02578125
0 0.86875 0.390625 0.01484375 0.02890625