2 0.73515625 0.39296875 0.03125 0.0640625
2 0.659375 0.38046875 0.03046875 0.05546875
0 0.98984375 0.7453125 0.0203125 0.03125
0 0.2703125 0.08671875 0.01328125 0.01953125
0 0.528125 0.1140625 0.02265625 0.02109375
0 0.44921875 0.19453125 0.02421875 0.0234375
0 0.5734375 0.19140625 0.02109375 0.0234375
0 0.621875 0.1703125 0.01484375 0.02421875
0 0.6625 0.1875 0.0171875 0.01953125
0 0.70703125 0.20546875 0.01953125 0.021875
0 0.759375 0.31796875 0.0234375 0.025
0 0.69453125 0.28046875 0.025 0.021875
0 0.63515625 0.29375 0.02578125 0.02421875
0 0.528125 0.28125 0.0203125 0.03203125
0 0.46640625 0.27890625 0.03125 0.02578125
0 0.41015625 0.2859375 0.021875 0.01953125
0 0.34140625 0.290625 0.021875 0.02578125
0 0.27890625 0.29296875 0.01953125 0.028125
0 0.303125 0.21015625 0.0171875 0.01875
0 0.18828125 0.43046875 0.021875 0.03046875
0 0.24453125 0.41640625 0.02578125 0.028125
0 0.3046875 0.415625 0.03203125 0.028125
0 0.590625 0.415625 0.02109375 0.03828125
0 0.77890625 0.42109375 0.02109375 0.03046875
0 0.83125 0.60625 0.02265625 0.02890625
0 0.67265625 0.60546875 0.02578125 0.05703125
0 0.59140625 0.58203125 0.03203125 0.03671875
0 0.42578125 0.5796875 0.03203125 0.03359375
0 0.35 0.60546875 0.02890625 0.03125
0 0.13671875 0.60625 0.0203125 0.03828125
0 0.825 0.28046875 0.02109375 0.0203125