2 0.73515625 0.39296875 0.03125 0.0640625
2 0.659375 0.38046875 0.03046875 0.05546875
0 0.99140625 0.74921875 0.01640625 0.03125
0 0.26953125 0.0890625 0.01328125 0.01484375
0 0.3609375 0.13125 0.01328125 0.02109375
0 0.52890625 0.11640625 0.021875 0.01875
0 0.59921875 0.0578125 0.01640625 0.015625
0 0.56875 0.1265625 0.0234375 0.02421875
0 0.44765625 0.19296875 0.02734375 0.025
0 0.57421875 0.19140625 0.0203125 0.0234375
0 0.62265625 0.18125 0.01328125 0.02109375
0 0.70703125 0.20625 0.02109375 0.02109375
0 0.75859375 0.31796875 0.0265625 0.0265625
0 0.69453125 0.28125 0.025 0.0234375
0 0.63515625 0.29375 0.02734375 0.02578125
0 0.528125 0.28359375 0.01953125 0.03125
0 0.409375 0.28359375 0.02109375 0.02421875
0 0.28046875 0.29140625 0.02109375 0.028125
0 0.34296875 0.29296875 0.02265625 0.02578125
0 0.23125 0.3234375 0.0296875 0.02109375
0 0.18828125 0.42578125 0.02421875 0.03125
0 0.24453125 0.415625 0.02578125 0.02890625
0 0.30625 0.4125 0.0328125 0.03046875
0 0.590625 0.415625 0.02265625 0.03671875
0 0.77890625 0.41875 0.021875 0.03125
0 0.83203125 0.60625 0.02109375 0.03046875
0 0.67265625 0.60703125 0.03046875 0.0546875
0 0.59609375 0.58671875 0.0265625 0.03125
0 0.425 0.57890625 0.02890625 0.03203125
0 0.35078125 0.60546875 0.03046875 0.03203125
0 0.2703125 0.61171875 0.02734375 0.04453125
0 0.82578125 0.28125 0.01953125 0.0234375