2 0.73515625 0.39296875 0.03125 0.0640625
2 0.659375 0.38046875 0.03046875 0.05546875
0 0.98984375 0.74609375 0.0203125 0.0296875
0 0.26953125 0.0890625 0.01328125 0.0140625
0 0.46640625 0.06328125 0.01875 0.01328125
0 0.528125 0.1171875 0.0203125 0.01953125
0 0.59765625 0.05703125 0.015625 0.01640625
0 0.66328125 0.1859375 0.01953125 0.01875
0 0.70703125 0.20625 0.01953125 0.02109375
0 0.44765625 0.196875 0.02578125 0.025
0 0.27890625 0.29296875 0.02109375 0.028125
0 0.34140625 0.290625 0.02265625 0.02890625
0 0.41015625 0.2859375 0.021875 0.0203125
0 0.528125 0.28203125 0.0203125 0.03359375
0 0.6359375 0.29375 0.02578125 0.025
0 0.69453125 0.28203125 0.02421875 0.02421875
0 0.75859375 0.31875 0.0265625 0.028125
0 0.77890625 0.421875 0.02265625 0.03046875
0 0.590625 0.41328125 0.0234375 0.03828125
0 0.246875 0.41640625 0.0234375 0.02890625
0 0.1875 0.428125 0.0234375 0.03515625
0 0.13515625 0.60625 0.021875 0.03984375
0 0.25703125 0.60625 0.02578125 0.046875
0 0.35 0.60546875 0.03203125 0.03125
0 0.425 0.58125 0.0296875 0.03203125
0 0.59296875 0.5828125 0.0296875 0.03828125
0 0.67265625 0.603125 0.02890625 0.06796875
0 0.83125 0.60625 0.02109375 0.0296875
0 0.8265625 0.28203125 0.01796875 0.0234375