2 0.73515625 0.39296875 0.03125 0.0640625
2 0.659375 0.38046875 0.03046875 0.05546875
0 0.99140625 0.746875 0.01640625 0.03125
0 0.26875 0.08984375 0.01328125 0.01484375
0 0.35390625 0.13203125 0.01875 0.01875
0 0.3875 0.12890625 0.01953125 0.02109375
0 0.528125 0.115625 0.02265625 0.0203125
0 0.70703125 0.20546875 0.01953125 0.02421875
0 0.578125 0.18125 0.02109375 0.021875
0 0.44765625 0.19296875 0.02421875 0.025
0 0.38515625 0.2046875 0.02109375 0.021875
0 0.22890625 0.32578125 0.03046875 0.02421875
0 0.27890625 0.29140625 0.02109375 0.028125
0 0.34296875 0.29296875 0.02265625 0.025
0 0.409375 0.2859375 0.0203125 0.01875
0 0.634375 0.29375 0.02578125 0.02578125
0 0.69609375 0.28046875 0.02578125 0.02421875
0 0.75859375 0.31796875 0.02421875 0.0265625
0 0.77890625 0.41796875 0.02421875 0.03203125
0 0.590625 0.4140625 0.0234375 0.0359375
0 0.3046875 0.41171875 0.034375 0.03046875
0 0.24453125 0.415625 0.02734375 0.03125
0 0.18828125 0.42890625 0.02421875 0.03125
0 0.20390625 0.59140625 0.03203125 0.04453125
0 0.2703125 0.61015625 0.02578125 0.04453125
0 0.35 0.60546875 0.03203125 0.03046875
0 0.42421875 0.58046875 0.0265625 0.03359375
0 0.59296875 0.58046875 0.0296875 0.03515625
0 0.67265625 0.6015625 0.02578125 0.06328125
0 0.83203125 0.60703125 0.02109375 0.03125
0 0.825 0.27890625 0.02109375 0.0234375
2 0.73515625 0.06796875 0.01328125 0.0265625