0 0.9640625 0.85546875 0.01328125 0.03671875
0 0.8359375 0.44375 0.01953125 0.028125
0 0.8171875 0.35625 0.01640625 0.0265625
0 0.8125 0.36484375 0.0296875 0.028125
0 0.80390625 0.31796875 0.05859375 0.0859375
0 0.671875 0.37109375 0.02109375 0.03046875
0 0.78125 0.27109375 0.01953125 0.01953125
0 0.65390625 0.19375 0.02109375 0.01953125
0 0.65625 0.19765625 0.01484375 0.01953125
0 0.62265625 0.13203125 0.015625 0.01875
0 0.690625 0.09140625 0.01015625 0.01484375
0 0.3140625 0.36875 0.01796875 0.03515625
0 0.29921875 0.18515625 0.01796875 0.01875
0 0.378125 0.12265625 0.015625 0.01953125
0 0.625 0.13984375 0.01171875 0.01484375