0 0.965625 0.865625 0.0140625 0.04609375
0 0.8375 0.44375 0.0171875 0.028125
0 0.81875 0.35625 0.0140625 0.02890625
0 0.8125 0.359375 0.0265625 0.03125
0 0.675 0.3765625 0.0171875 0.03515625
0 0.78203125 0.27109375 0.01953125 0.03046875
0 0.65390625 0.19296875 0.021875 0.01953125
0 0.4625 0.07265625 0.0203125 0.01953125
0 0.37734375 0.121875 0.01484375 0.01875
2 0.3359375 0.10390625 0.01953125 0.03203125
0 0.3375 0.18125 0.01796875 0.01953125
0 0.29765625 0.18515625 0.01875 0.01875
0 0.30703125 0.25546875 0.025 0.02109375
0 0.246875 0.26875 0.0171875 0.02578125
0 0.31328125 0.36796875 0.02109375 0.0359375