0 0.9640625 0.85703125 0.01484375 0.03125
0 0.834375 0.44375 0.02421875 0.03125
0 0.81640625 0.35546875 0.01953125 0.02421875
0 0.78125 0.27265625 0.01796875 0.03046875
0 0.6734375 0.371875 0.01953125 0.03125
0 0.625 0.1359375 0.01328125 0.01953125
0 0.3765625 0.1234375 0.015625 0.01875
0 0.3375 0.18046875 0.0203125 0.01640625
0 0.39375 0.24375 0.0140625 0.028125
0 0.30703125 0.25390625 0.025 0.0265625
0 0.24453125 0.26796875 0.02109375 0.0296875
0 0.31484375 0.36796875 0.02421875 0.040625
2 0.33515625 0.10625 0.01796875 0.0359375