0 0.96328125 0.85546875 0.01640625 0.04453125
0 0.8359375 0.44375 0.01796875 0.0296875
0 0.815625 0.35625 0.0203125 0.03203125
0 0.6734375 0.3796875 0.015625 0.02578125
0 0.7375 0.13046875 0.01328125 0.01328125
0 0.690625 0.09140625 0.0109375 0.015625
0 0.62109375 0.13359375 0.0203125 0.01875
0 0.65625 0.19296875 0.01875 0.01953125
0 0.57265625 0.35625 0.021875 0.0265625
0 0.42265625 0.36796875 0.01953125 0.03046875
0 0.31328125 0.3765625 0.01875 0.025
0 0.39375 0.24375 0.0140625 0.02421875
0 0.3375 0.18046875 0.0203125 0.0203125
0 0.29765625 0.18203125 0.01796875 0.01875
0 0.3765625 0.12109375 0.015625 0.01953125