0 0.02578125 0.63046875 0.01953125 0.040625
2 0.846875 0.63671875 0.03515625 0.08046875
0 0.92421875 0.65625 0.0203125 0.02890625
0 0.83515625 0.44609375 0.01875 0.03359375
0 0.67421875 0.3765625 0.0203125 0.03828125
0 0.6296875 0.37421875 0.02421875 0.03046875
0 0.42734375 0.36953125 0.0140625 0.03046875
0 0.3140625 0.36875 0.021875 0.02578125
2 0.45078125 0.215625 0.021875 0.0515625
0 0.81640625 0.35625 0.01953125 0.0265625
0 0.65625 0.19921875 0.01640625 0.01953125
2 0.46015625 0.08828125 0.015625 0.02578125
2 0.33203125 0.10625 0.01484375 0.02890625
0 0.25 0.11328125 0.01484375 0.01953125
2 0.56640625 0.06875 0.03359375 0.04453125
2 0.42890625 0.05546875 0.03203125 0.04453125
0 0.9640625 0.865625 0.01484375 0.04453125
0 0.37734375 0.128125 0.0140625 0.01640625