0 0.39609375 0.64296875 0.0265625 0.0265625
0 0.96328125 0.85625 0.015625 0.03828125
0 0.9859375 0.840625 0.01796875 0.05703125
0 0.83671875 0.44375 0.0171875 0.0296875
0 0.3140625 0.36875 0.01796875 0.03515625
0 0.33671875 0.18046875 0.0203125 0.01640625
0 0.3 0.18046875 0.01484375 0.01875
0 0.3765625 0.11796875 0.01484375 0.01953125
0 0.65625 0.19765625 0.01640625 0.01953125
0 0.671875 0.36796875 0.01796875 0.03046875
0 0.81875 0.3609375 0.01640625 0.021875
0 0.68984375 0.090625 0.0109375 0.01328125
0 0.625 0.14140625 0.01171875 0.015625