0 0.3125 0.37578125 0.0234375 0.02578125
0 0.29921875 0.18046875 0.0203125 0.01875
0 0.3359375 0.18125 0.01875 0.01953125
0 0.3765625 0.11796875 0.01484375 0.01953125
0 0.57265625 0.35625 0.02421875 0.0296875
0 0.625 0.13984375 0.0109375 0.01640625
0 0.65703125 0.19765625 0.01953125 0.01953125
0 0.6734375 0.37890625 0.01796875 0.0296875
0 0.81875 0.35703125 0.01640625 0.02421875
0 0.8375 0.44609375 0.01640625 0.028125
0 0.96328125 0.85859375 0.01875 0.03515625
0 0.9890625 0.8390625 0.01484375 0.03671875