0 0.02578125 0.63046875 0.0125 0.03125
0 0.928125 0.65625 0.0171875 0.03828125
0 0.946875 0.68046875 0.015625 0.040625
0 0.8359375 0.44296875 0.015625 0.0265625
0 0.81953125 0.3609375 0.015625 0.021875
0 0.57421875 0.36484375 0.0203125 0.01328125
0 0.3140625 0.375 0.02421875 0.03125
0 0.25 0.10703125 0.01171875 0.01640625
0 0.31015625 0.25625 0.02265625 0.0203125
0 0.39375 0.24375 0.0109375 0.01484375
0 0.33828125 0.18125 0.01796875 0.01171875
0 0.378125 0.1265625 0.01484375 0.01328125
2 0.5734375 0.06796875 0.03984375 0.04921875
0 0.82265625 0.290625 0.01015625 0.015625
0 0.96484375 0.8625 0.015625 0.04375