0 0.0234375 0.63046875 0.02109375 0.04296875
0 0.92578125 0.65625 0.02265625 0.046875
0 0.48203125 0.48046875 0.02734375 0.03125
0 0.8359375 0.44375 0.02109375 0.03515625
0 0.31328125 0.36796875 0.02109375 0.01953125
0 0.571875 0.35546875 0.025 0.0296875
0 0.675 0.37734375 0.0171875 0.03828125
0 0.81640625 0.35546875 0.01640625 0.02578125
0 0.246875 0.26796875 0.01796875 0.03203125
0 0.3375 0.18125 0.01953125 0.01796875
0 0.65625 0.19296875 0.0171875 0.01953125
2 0.7921875 0.2015625 0.01640625 0.0359375
0 0.378125 0.11875 0.01640625 0.01953125
0 0.25 0.10625 0.0140625 0.0234375
0 0.9640625 0.8640625 0.01484375 0.0390625