0 0.02421875 0.63046875 0.0203125 0.04453125
2 0.65703125 0.08046875 0.01328125 0.02578125
2 0.428125 0.05546875 0.03046875 0.04453125
0 0.25 0.109375 0.01171875 0.0140625
2 0.51953125 0.028125 0.0125 0.02578125
2 0.78828125 0.20390625 0.03515625 0.046875
0 0.3140625 0.375 0.01953125 0.03125
2 0.84765625 0.63046875 0.03046875 0.07578125
0 0.9640625 0.865625 0.01640625 0.046875
0 0.925 0.65546875 0.01796875 0.03359375
0 0.83671875 0.44296875 0.01796875 0.03046875
2 0.7296875 0.3671875 0.04765625 0.08046875
0 0.309375 0.2546875 0.0234375 0.01640625
0 0.81796875 0.35625 0.0171875 0.025
0 0.37734375 0.12578125 0.01484375 0.01875
0 0.62578125 0.14140625 0.0125 0.01875