2 0.73515625 0.39296875 0.03125 0.0640625
2 0.659375 0.38046875 0.03046875 0.05546875
0 0.98984375 0.74375 0.0203125 0.03125
0 0.2703125 0.0890625 0.0125 0.015625
0 0.52890625 0.1140625 0.021875 0.02109375
0 0.70859375 0.20625 0.01953125 0.0234375
0 0.62109375 0.178125 0.01796875 0.021875
0 0.575 0.19140625 0.01953125 0.01875
0 0.44765625 0.19375 0.025 0.02578125
0 0.38671875 0.19921875 0.01796875 0.03125
0 0.3015625 0.215625 0.01953125 0.02421875
0 0.22890625 0.32421875 0.02890625 0.03125
0 0.28046875 0.2921875 0.0203125 0.0265625
0 0.34296875 0.29296875 0.02265625 0.025
0 0.528125 0.28046875 0.01953125 0.03359375
0 0.634375 0.29375 0.02734375 0.02578125
0 0.7 0.29296875 0.02578125 0.025
0 0.75703125 0.31796875 0.02421875 0.0265625
0 0.7796875 0.41953125 0.02109375 0.03046875
0 0.30703125 0.41328125 0.03359375 0.03125
0 0.25234375 0.4140625 0.0359375 0.02890625
0 0.18828125 0.428125 0.021875 0.034375
0 0.20078125 0.59140625 0.03125 0.04609375
0 0.271875 0.60546875 0.0265625 0.0515625
0 0.35 0.60546875 0.03203125 0.03125
0 0.42578125 0.58046875 0.028125 0.03203125
0 0.59140625 0.58125 0.028125 0.0359375
0 0.67265625 0.60390625 0.02578125 0.06328125
0 0.83125 0.60546875 0.02265625 0.0296875