0 0.19453125 0.16875 0.01484375 0.01640625
0 0.25078125 0.11015625 0.01171875 0.00546875
0 0.81640625 0.35625 0.02109375 0.0265625
0 0.8546875 0.36796875 0.015625 0.02890625
0 0.9640625 0.85546875 0.01875 0.03671875
0 0.178125 0.23046875 0.01328125 0.028125
0 0.84140625 0.44375 0.02421875 0.02578125
0 0.73828125 0.13125 0.01484375 0.015625
0 0.68984375 0.09375 0.01328125 0.01484375
0 0.378125 0.1234375 0.01640625 0.01875
0 0.50625 0.12734375 0.01640625 0.015625
0 0.65703125 0.20390625 0.01796875 0.01875
0 0.49375 0.25625 0.0171875 0.02890625
0 0.57265625 0.35546875 0.02421875 0.028125
0 0.3140625 0.36875 0.02265625 0.0296875
0 0.246875 0.26875 0.01953125 0.03125