0 0.19453125 0.16875 0.01484375 0.01640625
0 0.25 0.1109375 0.01171875 0.00625
0 0.81640625 0.35546875 0.02109375 0.02578125
0 0.9640625 0.85625 0.01875 0.03671875
0 0.178125 0.23046875 0.01328125 0.028125
0 0.840625 0.44296875 0.02109375 0.02109375
0 0.7375 0.13046875 0.01328125 0.01640625
0 0.6890625 0.09375 0.0125 0.01484375
0 0.37734375 0.121875 0.01484375 0.01875
0 0.50703125 0.12421875 0.01796875 0.01953125
0 0.65625 0.1984375 0.01875 0.01875
0 0.615625 0.15546875 0.01953125 0.0390625
0 0.49375 0.25546875 0.0171875 0.03203125
0 0.3375 0.18125 0.02265625 0.01953125
0 0.24765625 0.26875 0.01875 0.02578125
0 0.31484375 0.36875 0.0234375 0.03046875
0 0.57265625 0.35625 0.02421875 0.03203125