0 0.1765625 0.23125 0.01171875 0.0234375
0 0.19296875 0.171875 0.0140625 0.01953125
0 0.32734375 0.13046875 0.0140625 0.0203125
0 0.37734375 0.12421875 0.0171875 0.01875
0 0.3375 0.18046875 0.02109375 0.0203125
0 0.50703125 0.12421875 0.01484375 0.01875
0 0.625 0.140625 0.0140625 0.01796875
0 0.653125 0.10546875 0.0140625 0.01640625
0 0.65703125 0.19296875 0.01796875 0.0234375
0 0.49296875 0.25546875 0.0171875 0.03203125
0 0.5734375 0.35546875 0.02421875 0.03125
0 0.43515625 0.3609375 0.02578125 0.03046875
0 0.3140625 0.36796875 0.02421875 0.03046875
0 0.84140625 0.44375 0.02421875 0.021875
0 0.81875 0.35546875 0.0203125 0.0296875
0 0.690625 0.09296875 0.0109375 0.01171875