0 0.1765625 0.23125 0.01171875 0.0234375
0 0.19296875 0.16796875 0.0140625 0.01953125
0 0.3765625 0.121875 0.01484375 0.01875
0 0.3359375 0.18046875 0.01875 0.02421875
0 0.625 0.140625 0.01171875 0.01796875
0 0.65625 0.19375 0.01953125 0.01953125
0 0.43984375 0.36875 0.0265625 0.02421875
0 0.31484375 0.36875 0.02109375 0.0296875
2 0.8046875 0.65625 0.03359375 0.07109375
0 0.84140625 0.44296875 0.02421875 0.02109375
0 0.81640625 0.35625 0.02109375 0.02890625
0 0.73828125 0.13046875 0.0125 0.01484375
0 0.690625 0.09296875 0.01171875 0.015625