0 0.178125 0.23046875 0.0109375 0.02578125
0 0.1921875 0.16875 0.0125 0.01953125
0 0.96328125 0.85625 0.01875 0.03828125
0 0.81640625 0.35625 0.01953125 0.03046875
0 0.7375 0.13125 0.0140625 0.01796875
0 0.325 0.12734375 0.0109375 0.025
0 0.37734375 0.1234375 0.01484375 0.01875
0 0.65390625 0.10625 0.015625 0.015625
0 0.65703125 0.2015625 0.01875 0.02421875
0 0.61328125 0.19296875 0.01484375 0.0265625
0 0.3375 0.18046875 0.02109375 0.021875
0 0.29375 0.184375 0.01796875 0.01875
0 0.31171875 0.2546875 0.02265625 0.01875
0 0.49375 0.2546875 0.0171875 0.03515625
0 0.68828125 0.38046875 0.02265625 0.0296875
0 0.5734375 0.35546875 0.02421875 0.03125
0 0.434375 0.365625 0.02890625 0.03046875
0 0.3140625 0.36796875 0.02421875 0.03046875
0 0.32265625 0.38046875 0.046875 0.03671875
0 0.8390625 0.440625 0.01953125 0.0203125
0 0.8546875 0.3671875 0.01640625 0.02890625
0 0.68984375 0.09375 0.01328125 0.01640625