0 0.1765625 0.23125 0.01171875 0.0234375
0 0.19296875 0.16796875 0.0140625 0.01953125
0 0.625 0.140625 0.01328125 0.01640625
0 0.65625 0.19296875 0.01953125 0.01953125
0 0.3375 0.18046875 0.0171875 0.021875
0 0.49375 0.25625 0.0171875 0.03203125
0 0.5734375 0.35546875 0.02109375 0.03125
0 0.43984375 0.36875 0.02421875 0.02421875
2 0.8140625 0.64375 0.03828125 0.06953125
0 0.84140625 0.44375 0.02421875 0.021875
0 0.81640625 0.35546875 0.02109375 0.028125
0 0.8546875 0.36875 0.01484375 0.02578125
0 0.7375 0.13046875 0.0125 0.01484375
0 0.69140625 0.09296875 0.01171875 0.0140625
0 0.6515625 0.10390625 0.01328125 0.01796875