0 0.178125 0.23046875 0.0109375 0.02578125
0 0.1921875 0.16953125 0.0125 0.01953125
0 0.96328125 0.85625 0.01875 0.03828125
0 0.81953125 0.35625 0.01953125 0.03046875
0 0.7375 0.13125 0.0140625 0.01796875
0 0.32578125 0.128125 0.0125 0.02578125
0 0.37734375 0.1234375 0.0171875 0.01953125
0 0.5078125 0.12421875 0.01640625 0.01953125
0 0.65703125 0.20078125 0.02109375 0.02421875
0 0.29453125 0.1859375 0.01796875 0.01953125
0 0.49453125 0.25546875 0.01796875 0.034375
0 0.5734375 0.35625 0.02421875 0.03203125
0 0.43515625 0.36015625 0.03046875 0.03125
0 0.315625 0.36875 0.02109375 0.02578125
0 0.83828125 0.4421875 0.01953125 0.02109375