0 0.1765625 0.23125 0.01171875 0.0234375
0 0.3765625 0.12265625 0.015625 0.01953125
0 0.3375 0.18125 0.02265625 0.02109375
0 0.50703125 0.12265625 0.01484375 0.01953125
0 0.625 0.140625 0.01328125 0.01875
0 0.65390625 0.1046875 0.01484375 0.01484375
0 0.65625 0.2015625 0.01953125 0.0234375
0 0.5734375 0.35546875 0.02265625 0.03125
0 0.43515625 0.36640625 0.02734375 0.028125
0 0.3140625 0.36796875 0.021875 0.02890625
2 0.58125 0.63125 0.0421875 0.075
0 0.84140625 0.44296875 0.021875 0.02109375
0 0.81875 0.35546875 0.01953125 0.02578125
0 0.73828125 0.13125 0.0125 0.015625