0 0.17734375 0.23125 0.0109375 0.025
0 0.19140625 0.16796875 0.01015625 0.01953125
0 0.9625 0.85546875 0.01796875 0.0390625
0 0.325 0.13046875 0.01171875 0.0234375
0 0.37890625 0.12421875 0.015625 0.01953125
0 0.33828125 0.18125 0.01953125 0.02109375
0 0.29453125 0.1859375 0.01640625 0.01875
0 0.625 0.14140625 0.01171875 0.01953125
0 0.65703125 0.1984375 0.02109375 0.01953125
0 0.49375 0.2546875 0.0171875 0.03359375
0 0.25 0.26640625 0.0171875 0.028125
0 0.39453125 0.36796875 0.03046875 0.028125
0 0.5734375 0.35546875 0.025 0.03359375
0 0.68828125 0.38046875 0.02109375 0.0296875
0 0.84140625 0.44296875 0.021875 0.021875
0 0.81875 0.35546875 0.0203125 0.028125
0 0.68984375 0.09375 0.01171875 0.01484375
0 0.73828125 0.13046875 0.01171875 0.01484375