0 0.1921875 0.16875 0.01171875 0.01953125
0 0.96328125 0.85546875 0.01875 0.040625
0 0.25 0.10546875 0.01328125 0.0203125
0 0.32265625 0.1296875 0.01484375 0.021875
0 0.3765625 0.12578125 0.01484375 0.01953125
0 0.6578125 0.203125 0.01796875 0.02421875
0 0.33828125 0.18125 0.021875 0.02109375
0 0.25 0.2671875 0.015625 0.03046875
0 0.49375 0.25625 0.01640625 0.03203125
0 0.68828125 0.378125 0.02109375 0.034375
0 0.43984375 0.36796875 0.0234375 0.025
0 0.840625 0.43984375 0.01953125 0.0203125
0 0.81875 0.35546875 0.01796875 0.028125
0 0.7375 0.13125 0.01328125 0.01796875