0 0.1921875 0.16796875 0.01171875 0.01953125
0 0.96328125 0.85546875 0.01875 0.040625
0 0.925 0.65546875 0.0140625 0.03203125
0 0.25 0.10703125 0.01640625 0.01640625
0 0.378125 0.128125 0.01640625 0.01640625
0 0.6578125 0.2015625 0.01796875 0.021875
0 0.3375 0.18046875 0.02109375 0.021875
0 0.25 0.2671875 0.0171875 0.03046875
0 0.315625 0.25625 0.01796875 0.015625
0 0.58203125 0.25703125 0.028125 0.0234375
0 0.68828125 0.37578125 0.02109375 0.03125
0 0.43828125 0.36796875 0.02265625 0.0234375
0 0.83984375 0.44140625 0.02109375 0.02421875
0 0.815625 0.35546875 0.01796875 0.02578125
0 0.73828125 0.13203125 0.01328125 0.01796875