0 0.17734375 0.23125 0.0109375 0.025
0 0.19140625 0.16953125 0.01015625 0.01953125
2 0.70703125 0.47265625 0.028125 0.05625
0 0.9625 0.85546875 0.01796875 0.0390625
0 0.37734375 0.12265625 0.0140625 0.01953125
0 0.62578125 0.140625 0.0125 0.015625
0 0.653125 0.10390625 0.01328125 0.01484375
0 0.65703125 0.1984375 0.01796875 0.01953125
0 0.33828125 0.18125 0.01875 0.01953125
0 0.29453125 0.184375 0.01640625 0.01953125
0 0.31171875 0.25625 0.02109375 0.01953125
0 0.49453125 0.25390625 0.01796875 0.03359375
0 0.68828125 0.38046875 0.021875 0.02890625
0 0.57421875 0.35546875 0.02265625 0.03125
0 0.39375 0.36875 0.03359375 0.0296875
0 0.31484375 0.36796875 0.0203125 0.02890625
0 0.83984375 0.44296875 0.0203125 0.021875
0 0.8546875 0.36640625 0.01328125 0.02890625
0 0.81953125 0.35625 0.01875 0.03046875
0 0.73828125 0.13125 0.01328125 0.015625
0 0.690625 0.09375 0.01171875 0.01328125