0 0.17734375 0.23125 0.0109375 0.025
0 0.1921875 0.171875 0.01015625 0.01875
0 0.9625 0.85546875 0.01796875 0.0390625
0 0.32421875 0.1296875 0.01328125 0.0203125
0 0.33828125 0.18046875 0.01953125 0.0203125
0 0.25 0.26640625 0.015625 0.02890625
0 0.49296875 0.25625 0.0171875 0.02890625
0 0.68515625 0.37421875 0.021875 0.03125
0 0.575 0.35625 0.02265625 0.03046875
0 0.3921875 0.36796875 0.03046875 0.0234375
0 0.840625 0.44140625 0.02109375 0.021875
0 0.81875 0.35625 0.01796875 0.0265625
0 0.73828125 0.13046875 0.0125 0.01875
0 0.6890625 0.09296875 0.0125 0.0140625
0 0.71328125 0.0640625 0.0125 0.025