0 0.19375 0.171875 0.0125 0.01875
0 0.25 0.10703125 0.0140625 0.01875
0 0.33828125 0.18046875 0.02109375 0.0203125
0 0.43203125 0.36640625 0.02578125 0.03046875
0 0.9625 0.85625 0.0203125 0.04140625
0 0.321875 0.1296875 0.0140625 0.01640625
0 0.3765625 0.12578125 0.01484375 0.01953125
0 0.65859375 0.2015625 0.0171875 0.021875
0 0.41640625 0.18046875 0.01484375 0.028125
0 0.25 0.26875 0.01796875 0.02421875
0 0.31171875 0.25625 0.02578125 0.01953125
0 0.49375 0.25625 0.0171875 0.03046875
0 0.68828125 0.37578125 0.02109375 0.03125
0 0.84140625 0.44296875 0.01953125 0.021875
2 0.859375 0.34375 0.0203125 0.04296875
0 0.815625 0.35625 0.01953125 0.02890625
0 0.8125 0.36640625 0.0296875 0.0234375
0 0.73828125 0.13125 0.01328125 0.015625
0 0.690625 0.09296875 0.01171875 0.0140625