0 0.17734375 0.23125 0.0109375 0.025
0 0.19140625 0.16796875 0.01015625 0.01953125
0 0.9625 0.85546875 0.01796875 0.0390625
0 0.321875 0.12734375 0.01328125 0.025
0 0.29453125 0.18671875 0.01640625 0.01953125
0 0.33828125 0.18125 0.01953125 0.01953125
0 0.378125 0.12578125 0.0140625 0.01875
0 0.6578125 0.19921875 0.01796875 0.01953125
0 0.25078125 0.265625 0.01640625 0.0296875
0 0.31015625 0.25546875 0.02265625 0.0203125
0 0.49375 0.25625 0.0171875 0.03046875
0 0.68828125 0.3734375 0.01953125 0.03046875
0 0.57265625 0.35625 0.02421875 0.03203125
0 0.39296875 0.36640625 0.03203125 0.02578125
0 0.840625 0.44296875 0.0203125 0.02578125
0 0.81875 0.35546875 0.01953125 0.0296875
0 0.7375 0.13046875 0.01328125 0.01875
0 0.6890625 0.09296875 0.0125 0.015625