0 0.1921875 0.16875 0.01015625 0.01953125
0 0.9625 0.85546875 0.01796875 0.0390625
0 0.325 0.12890625 0.01328125 0.025
0 0.378125 0.128125 0.0140625 0.01640625
0 0.6578125 0.2015625 0.01796875 0.0234375
0 0.33828125 0.18125 0.02109375 0.0234375
0 0.25 0.26796875 0.01484375 0.028125
0 0.43515625 0.365625 0.025 0.02890625
0 0.38984375 0.36796875 0.0265625 0.02890625
0 0.5734375 0.35703125 0.021875 0.03125
0 0.6875 0.36953125 0.021875 0.0390625
0 0.840625 0.44140625 0.02109375 0.02421875
0 0.81875 0.35546875 0.0203125 0.03125
0 0.76015625 0.21171875 0.01171875 0.01953125
0 0.73828125 0.13125 0.0125 0.01796875