0 0.17734375 0.23125 0.0109375 0.025
0 0.19140625 0.16875 0.01015625 0.01953125
0 0.9625 0.85546875 0.01796875 0.0390625
0 0.37734375 0.1234375 0.0140625 0.01875
0 0.65703125 0.19921875 0.01953125 0.01875
0 0.33828125 0.18125 0.02109375 0.02109375
0 0.31015625 0.25625 0.02421875 0.02109375
0 0.49453125 0.25546875 0.01640625 0.03125
0 0.59140625 0.2609375 0.02578125 0.01875
0 0.6875 0.37890625 0.02109375 0.0265625
0 0.3921875 0.36796875 0.03125 0.0265625
0 0.3140625 0.36875 0.02265625 0.02890625
0 0.825 0.41796875 0.01796875 0.0234375
0 0.8171875 0.35625 0.01796875 0.025
0 0.690625 0.09375 0.01171875 0.01484375
0 0.73828125 0.13046875 0.01171875 0.01484375
0 0.571875 0.35546875 0.02421875 0.0296875