0 0.31015625 0.36796875 0.021875 0.02890625
0 0.9625 0.85546875 0.0203125 0.04296875
0 0.65390625 0.10546875 0.01171875 0.01484375
0 0.6578125 0.1984375 0.01640625 0.01875
0 0.33828125 0.18046875 0.01875 0.01875
0 0.24921875 0.26796875 0.0171875 0.0234375
0 0.49453125 0.25546875 0.01484375 0.0296875
0 0.68515625 0.375 0.02421875 0.03125
0 0.57421875 0.35625 0.0203125 0.0265625
0 0.49453125 0.36796875 0.02109375 0.025
0 0.43515625 0.36640625 0.02578125 0.03125
0 0.84375 0.44140625 0.02578125 0.0203125
0 0.73828125 0.13125 0.01171875 0.01484375
0 0.69296875 0.09375 0.01171875 0.0109375