0 0.31171875 0.36875 0.0234375 0.03359375
0 0.96328125 0.85625 0.01640625 0.03515625
0 0.3296875 0.12890625 0.01484375 0.01875
0 0.37734375 0.12734375 0.0140625 0.015625
0 0.65390625 0.10390625 0.01015625 0.01484375
0 0.62578125 0.1421875 0.01015625 0.015625
0 0.6578125 0.19921875 0.01640625 0.01953125
0 0.33828125 0.18046875 0.01875 0.01875
0 0.25078125 0.26796875 0.01484375 0.0234375
0 0.49453125 0.25390625 0.01640625 0.03046875
0 0.6875 0.37421875 0.02109375 0.03046875
0 0.57265625 0.35546875 0.02421875 0.028125
0 0.434375 0.36640625 0.0296875 0.03203125
0 0.840625 0.44375 0.0203125 0.021875
0 0.81640625 0.35625 0.01953125 0.02890625
0 0.73828125 0.13125 0.0125 0.015625
0 0.6921875 0.09296875 0.01015625 0.01171875