0 0.31015625 0.36796875 0.021875 0.02890625
0 0.9625 0.85546875 0.0203125 0.04296875
0 0.28984375 0.13125 0.01640625 0.015625
0 0.33046875 0.12890625 0.01484375 0.01796875
0 0.378125 0.12421875 0.0140625 0.01953125
0 0.625 0.1421875 0.01171875 0.015625
0 0.6578125 0.2 0.01640625 0.01875
0 0.33828125 0.18125 0.01796875 0.01796875
0 0.25 0.26875 0.01640625 0.021875
0 0.49453125 0.25546875 0.01484375 0.0296875
0 0.68671875 0.37421875 0.02265625 0.03046875
0 0.57109375 0.35625 0.0265625 0.02890625
0 0.43515625 0.36796875 0.02578125 0.0296875
0 0.840625 0.44296875 0.0203125 0.02578125
0 0.821875 0.2890625 0.01484375 0.02421875
0 0.73828125 0.13125 0.01328125 0.015625
0 0.69375 0.09296875 0.0109375 0.0140625
0 0.653125 0.10546875 0.01328125 0.015625