0 0.3125 0.371875 0.021875 0.02890625
0 0.9625 0.85546875 0.0203125 0.04296875
0 0.3296875 0.12890625 0.01328125 0.02109375
0 0.378125 0.128125 0.01484375 0.01640625
0 0.625 0.1421875 0.01171875 0.01796875
0 0.6578125 0.2 0.01796875 0.01875
0 0.33828125 0.18125 0.01953125 0.01953125
0 0.25 0.26640625 0.0140625 0.02578125
0 0.49453125 0.25625 0.015625 0.02890625
0 0.68515625 0.37421875 0.021875 0.03046875
0 0.5734375 0.35703125 0.02109375 0.02578125
0 0.49453125 0.36796875 0.02265625 0.02578125
0 0.43515625 0.365625 0.028125 0.0296875
0 0.57265625 0.509375 0.02109375 0.03671875
0 0.8421875 0.44296875 0.02109375 0.021875
0 0.8171875 0.35625 0.01796875 0.0265625
0 0.73828125 0.13125 0.0125 0.01640625
0 0.6921875 0.09375 0.01015625 0.0109375