1 0.0796875 0.509375 0.103125 0.2109375
1 0.21171875 0.63515625 0.09296875 0.37734375
1 0.3 0.6828125 0.10859375 0.446875
1 0.184375 0.4234375 0.09765625 0.1234375
1 0.2390625 0.34921875 0.084375 0.084375
1 0.30546875 0.31640625 0.06796875 0.109375
1 0.37265625 0.33671875 0.06875 0.115625
1 0.43671875 0.30546875 0.06484375 0.07578125
1 0.4359375 0.2765625 0.0515625 0.08203125
1 0.328125 0.44296875 0.1203125 0.15078125
1 0.41796875 0.3796875 0.0703125 0.109375
1 0.50234375 0.475 0.09375 0.30078125
1 0.84296875 0.446875 0.0875 0.14296875
1 0.79453125 0.515625 0.10546875 0.15703125
1 0.7234375 0.415625 0.0703125 0.1359375