1 0.61875 0.43125 0.02734375 0.15703125
1 0.7203125 0.7453125 0.12890625 0.503125
1 0.5359375 0.56171875 0.07265625 0.309375
1 0.15703125 0.74921875 0.11328125 0.5015625
1 0.07734375 0.63515625 0.0765625 0.665625
1 0.20546875 0.48125 0.10546875 0.290625
1 0.3625 0.53515625 0.05 0.21953125
1 0.42265625 0.46484375 0.07578125 0.2109375
1 0.47578125 0.41328125 0.03671875 0.13984375
1 0.6609375 0.471875 0.07109375 0.13515625
1 0.87890625 0.65546875 0.128125 0.41875
1 0.96015625 0.50703125 0.07578125 0.13671875
1 0.74140625 0.45234375 0.0671875 0.0796875